  -1.7535684174784292E-011  -3.5602492699691204E-013
   1.7535684174784292E-011   3.5602492699691204E-013
   3.5970442116641523E-011   7.3030364261700754E-013
   5.5350370324038585E-011   1.1237720386303144E-012
   7.5723928713491336E-011   1.5374139910047252E-012
   9.7142061794603817E-011   1.9722638201084793E-012
   1.1965832605788171E-010   2.4294088770499111E-012
   1.4332902389385847E-010   2.9099922626216698E-012
   1.6821334437840336E-010   3.4152156856482169E-012
   1.9437351127624473E-010   3.9463424678839018E-012
   2.2187493863279818E-010   4.5047007029754898E-012
   2.5078639434335713E-010   5.0916865773881445E-012
   2.8118017210865599E-010   5.7087678615989351E-012
   3.1313227220678332E-010   6.3574875802876729E-012
   3.4672259153346958E-010   7.0394678707024426E-012
   3.8203512338594884E-010   7.7564140388477833E-012
   4.1915816748995822E-010   8.5101188236380793E-012
   4.5818455079505206E-010   9.3024668796787753E-012
   4.9921185959033403E-010   1.0135439489884700E-011
   5.4234268352101759E-010   1.1011119519719513E-011
   5.8768487211598329E-010   1.1931696625444431E-011
   6.3535180446778533E-010   1.2899472729399580E-011
   6.8546267273944748E-010   1.3916867776009048E-011
   7.3814278020696449E-010   1.4986425782902603E-011
   7.9352385458276862E-010   1.6110821202285082E-011
   8.5174437740363429E-010   1.7292865608460173E-011
   9.1294993030666246E-010   1.8535514728230854E-011
   9.7729355905921335E-010   1.9841875831756194E-011
   1.0449361562530554E-009   2.1215215502345486E-011
   1.1160468636196604E-009   2.2658967804618260E-011
   1.1908034949726489E-009   2.4176742871454803E-011
   1.2693929808349529E-009   2.5772335931209052E-011
   1.3520118358625099E-009   2.7449736797756637E-011
   1.4388666502332715E-009   2.9213139847108044E-011
   1.5301746062302755E-009   3.1066954505533727E-011
   1.6261640213104932E-009   3.3015816275426860E-011
   1.7270749190174129E-009   3.5064598326474182E-011
   1.8331596291649429E-009   3.7218423681118950E-011
   1.9446834187933932E-009   3.9482678024785837E-011
   2.0619251554752696E-009   4.1863023172900198E-011
   2.1851780046294800E-009   4.4365411228376145E-011
   2.3147501625876071E-009   4.6996099464974639E-011
   2.4509656272452926E-009   4.9761665973747546E-011
   2.5941650082257611E-009   5.2669026111692212E-011
   2.7447063785813217E-009   5.5725449793746458E-011
   2.9029661701625357E-009   5.8938579671363236E-011
   3.0693401148939425E-009   6.2316450243120690E-011
   3.2442442343100328E-009   6.5867507945154213E-011
   3.4281158798258063E-009   6.9600632271646915E-011
   3.6214148263431516E-009   7.3525157978190892E-011
   3.8246244219276173E-009   7.7650898423539195E-011
   4.0382527964303755E-009   8.1988170108114919E-011
   4.2628341320775611E-009   8.6547818470636735E-011
   4.4989299992041210E-009   9.1341245007365558E-011
   4.7471307604721981E-009   9.6380435781784908E-011
   5.0080570470853390E-009   1.0167799139600365E-010
   5.2823613106898188E-009   1.0724715849882572E-010
   5.5707294548436451E-009   1.1310186290927285E-010
   5.8738825501327790E-009   1.1925674443838687E-010
   6.1925786372232443E-009   1.2572719349638397E-010
   6.5276146223576946E-009   1.3252938957669785E-010
   6.8798282700361525E-009   1.3968034171314199E-010
   7.2501002978637028E-009   1.4719793101135512E-010
   7.6393565788033158E-009   1.5510095536088052E-010
   8.0485704563405803E-009   1.6340917643968260E-010
   8.4787651783494828E-009   1.7214336912863673E-010
   8.9310164557451434E-009   1.8132537345955412E-010
   9.4064551523215125E-009   1.9097814922663894E-010
   9.9062701124999559E-009   2.0112583339793472E-010
   1.0431711134059641E-008   2.1179380047031874E-010
   1.0984092093283062E-008   2.2300872591896294E-010
   1.1564794230331209E-008   2.3479865289991872E-010
   1.2175269603063514E-008   2.4719306237261589E-010
   1.2817044717938963E-008   2.6022294681761963E-010
   1.3491724347077445E-008   2.7392088773397744E-010
   1.4200995541026072E-008   2.8832113710993987E-010
   1.4946631847264409E-008   3.0345970307077522E-010
   1.5730497744997068E-008   3.1937443991784073E-010
   1.6554553307323050E-008   3.3610514278405652E-010
   1.7420859102439545E-008   3.5369364714246913E-010
   1.8331581346135902E-008   3.7218393341672844E-010
   1.9288997318461532E-008   3.9162223695505820E-010
   2.0295501058112421E-008   4.1205716364271326E-010
   2.1353609348774996E-008   4.3353981144201390E-010
   2.2465968012396453E-008   4.5612389816387113E-010
   2.3635358525117925E-008   4.7986589579029832E-010
   2.4864704972413861E-008   5.0482517168378558E-010
   2.6157081360828961E-008   5.3106413703663307E-010
   2.7515719304595906E-008   5.5864840293144551E-010
   2.8944016106354436E-008   5.8764694440301834E-010
   3.0445543252177733E-008   6.1813227291185763E-010
   3.2024055342148156E-008   6.5018061766060615E-010
   3.3683499478813340E-008   6.8387211620676206E-010
   3.5428025136998748E-008   7.1929101484831966E-010
   3.7261994539656388E-008   7.5652587928340333E-010
   3.9189993565694610E-008   7.9566981607065100E-010
   4.1216843217064307E-008   8.3682070544411425E-010
   4.3347611673775287E-008   8.8008144606483534E-010
   4.5587626966986389E-008   9.2556021232110371E-010
   4.7942490301859048E-008   9.7337072482078154E-010
   5.0418090063487982E-008   1.0236325347520656E-009
   5.3020616540931359E-008   1.0764713228237378E-009
   5.5756577406158176E-008   1.1320192135324115E-009
   5.8632813986618216E-008   1.1904151055426029E-009
   6.1656518372124489E-008   1.2518050190057514E-009
   6.4835251398824466E-008   1.3163424606866691E-009
   6.8176961555228859E-008   1.3841888078104207E-009
   7.1690004857573627E-008   1.4555137115894563E-009
   7.5383165744213322E-008   1.5304955214400236E-009
   7.9265679041293005E-008   1.6093217309486178E-009
   8.3347253054624311E-008   1.6921894467036254E-009
   8.7638093845507031E-008   1.7793058811644757E-009
   9.2148930751199121E-008   1.8708888708007382E-009
   9.6891043213848702E-008   1.9671674207967793E-009
   1.0187628898497510E-007   2.0683822776840222E-009
   1.0711713377602463E-007   2.1747865313326940E-009
   1.1262668242914247E-007   2.2866462478083471E-009
   1.1841871168610469E-007   2.4042411346756337E-009
   1.2450770463734891E-007   2.5278652404129275E-009
   1.3090888693724472E-007   2.6578276896867074E-009
   1.3763826487616073E-007   2.7944534563242618E-009
   1.4471266540452802E-007   2.9380841759175513E-009
   1.5214977820898130E-007   3.0890790000901663E-009
   1.5996819994579005E-007   3.2478154945634839E-009
   1.6818748074218582E-007   3.4146905832676666E-009
   1.7682817308186385E-007   3.5901215408582655E-009
   1.8591188319689760E-007   3.7745470361202380E-009
   1.9546132509457358E-007   3.9684282288684367E-009
   2.0550037735423995E-007   4.1722499230873846E-009
   2.1605414283619328E-007   4.3865217791938008E-009
   2.2714901145190442E-007   4.6117795884531503E-009
   2.3881272615254242E-007   4.8485866127369228E-009
   2.5107445230080288E-007   5.0975349929707484E-009
   2.6396485059950552E-007   5.3592472297951892E-009
   2.7751615375932065E-007   5.6343777401416274E-009
   2.9176224709733447E-007   5.9236144936155216E-009
   3.0673875326799035E-007   6.2276807327788114E-009
   3.2248312133827812E-007   6.5473367816330994E-009
   3.3903472042990639E-007   6.8833819468257478E-009
   3.5643493816261078E-007   7.2366565163328957E-009
   3.7472728414475885E-007   7.6080438606171487E-009
   3.9395749877003071E-007   7.9984726415139268E-009
   4.1417366759222492E-007   8.4089191343698426E-009
   4.3542634156418571E-007   8.8404096692396627E-009
   4.5776866344151039E-007   9.2940231972461018E-009
   4.8125650066711480E-007   9.7708939885197253E-009
   5.0594858506893403E-007   1.0272214468465162E-008
   5.3190665972007696E-007   1.0799238199445820E-008
   5.5919563332866130E-007   1.1353283015342832E-008
   5.8788374254338457E-007   1.1935734316826298E-008
   6.1804272258067838E-007   1.2548048535578672E-008
   6.4974798660010305E-007   1.3191756776132711E-008
   6.8307881427651315E-007   1.3868468644430426E-008
   7.1811855004052524E-007   1.4579876272676472E-008
   7.5495481148298946E-007   1.5327758550550173E-008
   7.9367970844458652E-007   1.6113985573356443E-008
   8.3439007333838468E-007   1.6940523318238265E-008
   8.7718770328128632E-007   1.7809438560143743E-008
   9.2217961463981734E-007   1.8722904039840133E-008
   9.6947831062675597E-007   1.9683203896897684E-008
   1.0192020626177314E-006   2.0692739381228484E-008
   1.0714752058912277E-006   2.1754034857462148E-008
   1.1264284505315047E-006   2.2869744117172493E-008
   1.1841992082718422E-006   2.4042657014738964E-008
   1.2449319360953966E-006   2.5275706443435935E-008
   1.3087784974528445E-006   2.6571975669193827E-008
   1.3758985420000460E-006   2.7934706040370140E-008
   1.4464599048052682E-006   2.9367305092808936E-008
   1.5206390260241968E-006   3.0873355070455623E-008
   1.5986213920921374E-006   3.2456621882832959E-008
   1.6806019995366206E-006   3.4121064521776768E-008
   1.7667858425701750E-006   3.5870844960977911E-008
   1.8573884256825142E-006   3.7710338563084753E-008
   1.9526363025138698E-006   3.9644145020389086E-008
   2.0527676423569475E-006   4.1677099856453123E-008
   2.1580328257040410E-006   4.3814286517437422E-008
   2.2686950703284964E-006   4.6061049083364576E-008
   2.3850310894660316E-006   4.8423005631103213E-008
   2.5073317837417280E-006   5.0906062282486963E-008
   2.6359029685728575E-006   5.3516427972695819E-008
   2.7710661388664247E-006   5.6260629975828622E-008
   2.9131592729235784E-006   5.9145530226488737E-008
   3.0625376775610506E-006   6.2178342478195282E-008
   3.2195748765628792E-006   6.5366650341524948E-008
   3.3846635446839862E-006   6.8718426247089097E-008
   3.5582164895411207E-006   7.2242051380763550E-008
   3.7406676838463822E-006   7.5946336641019511E-008
   3.9324733505644544E-006   7.9840544670759773E-008
   4.1341131037069927E-006   8.3934413018751289E-008
   4.3460911476167450E-006   8.8238178488570003E-008
   4.5689375377402209E-006   9.2762602735942532E-008
   4.8032095060415177E-006   9.7518999178491929E-008
   5.0494928543714733E-006   1.0251926128517532E-007
   5.3084034192763357E-006   1.0777589231615236E-007
   5.5805886119086807E-006   1.1330203658744913E-007
   5.8667290368911642E-006   1.1911151233859576E-007
   6.1675401941811055E-006   1.2521884628542393E-007
   6.4837742681914166E-006   1.3163930994442410E-007
   6.8162220086415913E-006   1.3838895781949250E-007
   7.1657147078418728E-006   1.4548466754655449E-007
   7.5331262793547857E-006   1.5294418209644671E-007
   7.9193754432317710E-006   1.6078615414158759E-007
   8.3254280232891047E-006   1.6903019269737520E-007
   8.7522993621674847E-006   1.7769691215494149E-007
   9.2010568602141355E-006   1.8680798382786889E-007
   9.6728226445359638E-006   1.9638619014176414E-007
   1.0168776374897680E-005   2.0645548160219077E-007
   1.0690158193481136E-005   2.1704103668341007E-007
   1.1238271825881714E-005   2.2816932478768349E-007
   1.1814487841095825E-005   2.3986817243256758E-007
   1.2420247078651138E-005   2.5216683283170415E-007
   1.3057064251449100E-005   2.6509605904309387E-007
   1.3726531733328655E-005   2.7868818086776215E-007
   1.4430323540821908E-005   2.9297718569110374E-007
   1.5170199519058237E-005   3.0799880346905233E-007
   1.5948009742283590E-005   3.2379059607158371E-007
   1.6765699139998478E-005   3.4039205120695876E-007
   1.7625312360282359E-005   3.5784468116156499E-007
   1.8528998882465084E-005   3.7619212660225887E-007
   1.9479018391929592E-005   3.9548026570076725E-007
   2.0477746430485554E-005   4.1575732885301698E-007
   2.1527680336442641E-005   4.3707401928025059E-007
   2.2631445489236518E-005   4.5948363981349325E-007
   2.3791801874222167E-005   4.8304222617839831E-007
   2.5011650984049755E-005   5.0780868711375387E-007
   2.6294043073879712E-005   5.3384495167401766E-007
   2.7642184788578699E-005   5.6121612408421536E-007
   2.9059447180968061E-005   5.8999064653442000E-007
   3.0549374141174112E-005   6.2024047032088071E-007
   3.2115691258157967E-005   6.5204123576174852E-007
   3.3762315135582363E-005   6.8547246133727443E-007
   3.5493363185310257E-005   7.2061774252743706E-007
   3.7313163923022908E-005   7.5756496084419074E-007
   3.9226267791701669E-005   7.9640650358102796E-007
   4.1237458540037000E-005   8.3723949482934194E-007
   4.3351765184216091E-005   8.8016603833925226E-007
   4.5574474582999013E-005   9.2529347283217143E-007
   4.7911144657526669E-005   9.7273464040352639E-007
   5.0367618288916146E-005   1.0226081686867817E-006
   5.2950037928393803E-005   1.0750387674843241E-006
   5.5664860956497468E-005   1.1301575406069348E-006
   5.8518875829752911E-005   1.1881023137016151E-006
   6.1519219055198167E-005   1.2490179788875053E-006
   6.4673393035199312E-005   1.3130568570616639E-006
   6.7989284827177200E-005   1.3803790787806608E-006
   7.1475185865152698E-005   1.4511529846703913E-006
   7.5139812692422243E-005   1.5255555463653363E-006
   7.8992328757203798E-005   1.6037728090298418E-006
   8.3042367325751639E-005   1.6860003565679526E-006
   8.7300055570231177E-005   1.7724438006850591E-006
   9.1776039891583835E-005   1.8633192950242770E-006
   9.6481512540697845E-005   1.9588540756631586E-006
   1.0142823960444911E-004   2.0592870293222670E-006
   1.0662859042658678E-004   2.1648692907064255E-006
   1.1209556853702694E-004   2.2758648704723076E-006
   1.1784284416688848E-004   2.3925513153926170E-006
   1.2388478843056993E-004   2.5152204023676070E-006
   1.3023650926033439E-004   2.6441788680193323E-006
   1.3691388918325029E-004   2.7797491756929983E-006
   1.4393362503494324E-004   2.9222703217833155E-006
   1.5131326970945459E-004   3.0720986834020812E-006
   1.5907127604959477E-004   3.2296089095066189E-006
   1.6722704298752913E-004   3.3951948577173425E-006
   1.7580096405096115E-004   3.5692705791669900E-006
   1.8481447835619035E-004   3.7522713538441549E-006
   1.9429012421554108E-004   3.9446547790200163E-006
   2.0425159549319289E-004   4.1469019134799048E-006
   2.1472380085031450E-004   4.3595184804208725E-006
   2.2573292602762646E-004   4.5830361320231437E-006
   2.3730649932111089E-004   4.8180137788575295E-006
   2.4947346041456829E-004   5.0650389874530202E-006
   2.6226423274111382E-004   5.3247294495192028E-006
   2.7571079955452651E-004   5.5977345264973192E-006
   2.8984678390063870E-004   5.8847368733021578E-006
   3.0470753268870091E-004   6.1864541453149700E-006
   3.2033020507290784E-004   6.5036407928957835E-006
   3.3675386536504321E-004   6.8370899479023402E-006
   3.5401958071052699E-004   7.1876354069329190E-006
   3.7217052377205531E-004   7.5561537162521990E-006
   3.9125208067754112E-004   7.9435663636135633E-006
   4.1131196450221560E-004   8.3508420824585249E-006
   4.3240033456859087E-004   8.7789992742550050E-006
   4.5456992186251557E-004   9.2291085550315267E-006
   4.7787616087884894E-004   9.7022954324750362E-006
   5.0237732822634024E-004   1.0199743120286448E-005
   5.2813468833819784E-004   1.0722695496831301E-005
   5.5521264665258437E-004   1.1272460215483662E-005
   5.8367891064594810E-004   1.1850411974440793E-005
   6.1360465912171371E-004   1.2457995954184793E-005
   6.4506472017749391E-004   1.3096731431186673E-005
   6.7813775829566171E-004   1.3768215576888993E-005
   7.1290647102492037E-004   1.4474127451466536E-005
   7.4945779574447067E-004   1.5216232202351435E-005
   7.8788312702756584E-004   1.5996385478021320E-005
   8.2827854514772340E-004   1.6816538068087207E-005
   8.7074505629869934E-004   1.7678740781283797E-005
   9.1538884512858913E-004   1.8585149573559687E-005
   9.6232154021918582E-004   1.9538030939090382E-005
   1.0116604931740482E-003   2.0539767577694470E-005
   1.0635290720127325E-003   2.1592864352824442E-005
   1.1180569696043606E-003   2.2699954555030231E-005
   1.1753805279112605E-003   2.3863806486557395E-005
   1.2356430788528919E-003   2.5087330383544916E-005
   1.2989953026417661E-003   2.6373585693131581E-005
   1.3655956044866999E-003   2.7725788723667710E-005
   1.4356105106045833E-003   2.9147320687161526E-005
   1.5092150845300609E-003   3.0641736154070665E-005
   1.5865933647631618E-003   3.2212771941580037E-005
   1.6679388248481977E-003   3.3864356457591512E-005
   1.7534548570332026E-003   3.5600619523790170E-005
   1.8433552807180396E-003   3.7425902702349971E-005
   1.9378648769611338E-003   3.9344770152100921E-005
   2.0372199503797994E-003   4.1362020041303837E-005
   2.1416689198474536E-003   4.3482696545570620E-005
   2.2514729394628183E-003   4.5712102460931082E-005
   2.3669065513416687E-003   4.8055812463585456E-005
   2.4882583718610564E-003   5.0519687049499116E-005
   2.6158318130692416E-003   5.3109887188695429E-005
   2.7499458410622387E-003   5.5832889730890468E-005
   2.8909357732199220E-003   5.8695503600991366E-005
   3.0391541162914045E-003   6.1704886824955719E-005
   3.1949714474210850E-003   6.4868564428585457E-005
   3.3587773403135775E-003   6.8194447254011527E-005
   3.5309813388480133E-003   7.1690851740920415E-005
   3.7120139805700879E-003   7.5366520721985763E-005
   3.9023278726141642E-003   7.9230645284504648E-005
   4.1023988227378121E-003   8.3292887752904027E-005
   4.3127270282878535E-003   8.7563405849585277E-005
   4.5338383260604513E-003   9.2052878094521932E-005
   4.7662855061684538E-003   9.6772530507122635E-005
   5.0106496931872696E-003   1.0173416467712785E-004
   5.2675417980164851E-003   1.0695018727473219E-004
   5.5376040440684136E-003   1.1243364107372332E-004
   5.8215115715771785E-003   1.1819823756521095E-004
   6.1199741240131099E-003   1.2425839124349770E-004
   6.4337378207873540E-003   1.3062925564982409E-004
   6.7635870206410485E-003   1.3732676126411582E-004
   7.1103462803323043E-003   1.4436765533948278E-004
   7.4748824134627731E-003   1.5176954377907608E-004
   7.8581066545237756E-003   1.5955093516001792E-004
   8.2609769334899188E-003   1.6773128701448643E-004
   8.6845002665453877E-003   1.7633105448368249E-004
   9.1297352687945248E-003   1.8537174146633897E-004
   9.5977947950829923E-003   1.9487595438966987E-004
   1.0089848715338074E-002   2.0486745873721541E-004
   1.0607126831124483E-002   2.1537123847493127E-004
   1.1150921940404058E-002   2.2641355852411930E-004
   1.1722593057780390E-002   2.3802203043741315E-004
   1.2323568797799563E-002   2.5022568144204431E-004
   1.2955350929160267E-002   2.6305502702303186E-004
   1.3619518107953974E-002   2.7654214722779220E-004
   1.4317729798300163E-002   2.9072076688296979E-004
   1.5051730388950434E-002   3.0562633992407237E-004
   1.5823353514595070E-002   3.2129613804878019E-004
   1.6634526590695226E-002   3.3776934391560625E-004
   1.7487275570660116E-002   3.5508714912095514E-004
   1.8383729934057815E-002   3.7329285719957305E-004
   1.9326127914249723E-002   3.9243199190594328E-004
   2.0316821973319535E-002   4.1255241104738840E-004
   2.1358284531358709E-002   4.3370442615352006E-004
   2.2453113955985878E-002   4.5594092828127276E-004
   2.3604040816305488E-002   4.7931752027010011E-004
   2.4813934403209410E-002   5.0389265577803933E-004
   2.6085809514814207E-002   5.2972778544630892E-004
   2.7422833501675233E-002   5.5688751055792270E-004
   2.8828333560937450E-002   5.8543974457455370E-004
   3.0305804261399630E-002   6.1545588295556586E-004
   3.1858915272120363E-002   6.4701098168385731E-004
   3.3491519255090203E-002   6.8018394494491767E-004
   3.5207659866898042E-002   7.1505772242839722E-004
   3.7011579794306707E-002   7.5171951674554347E-004
   3.8907728723072708E-002   7.9026100148115765E-004
   4.0900771106773468E-002   8.3077855042531460E-004
   4.2995593561091582E-002   8.7337347855804333E-004
   4.5197311656818298E-002   9.1815229538955785E-004
   4.7511275819207742E-002   9.6522697128951856E-004
   4.9943075959200084E-002   1.0147152174712880E-003
   5.2498544359896628E-002   1.0667407803312853E-003
   5.5183756215525494E-002   1.1214337508794439E-003
   5.8005027065659430E-002   1.1789308900345072E-003
   6.0968906180257125E-002   1.2393759705975700E-003
   6.4082164727255558E-002   1.3029201367589826E-003
   6.7351777291279696E-002   1.3697222820375622E-003
   7.0784895009515458E-002   1.4399494465971686E-003
   7.4388808253479766E-002   1.5137772349341312E-003
   7.8170896425400496E-002   1.5913902549799734E-003
   8.2138562078671970E-002   1.6729825797174112E-003
   8.6299146253279085E-002   1.7587582324639136E-003
   9.0659821701270710E-002   1.8489316970362831E-003
   9.5227460654346480E-002   1.9437284540719313E-003
  0.10000847407733425        2.0433855448479393E-003
  0.10500862011064754        2.1481521640077357E-003
  0.11023278080508027        2.2582902826775234E-003
  0.11568470846161311        2.3740753035305698E-003
  0.12136674602372848        2.4957967494373626E-003
  0.12727953002613604        2.6237589874236107E-003
  0.13342168937358076        2.7582819897463712E-003
  0.13978955821641387        2.8997021339913802E-003
  0.14637692560074553        3.0483730441922545E-003
  0.15317484733952397        3.2046664750747969E-003
  0.16017154554963980        3.3689732416374760E-003
  0.16735241764959641        3.5417041963925170E-003
  0.17470016904543503        3.7232912567112197E-003
  0.18219507287050493        3.9141884848423909E-003
  0.18981534752749987        4.1148732233045127E-003
  0.19753763057208382        4.3258472884907112E-003
  0.20533751790032448        4.5476382254711597E-003
  0.21319013191558514        4.7808006271305818E-003
  0.22107068200676974        5.0259175209393754E-003
  0.22895498482414581        5.2836018268260206E-003
  0.23681991920822329        5.5544978897962031E-003
  0.24464379955009130        5.8392830911309966E-003
  0.25240666026218722        6.1386695421929514E-003
  0.26009045174328260        6.4534058650754763E-003
  0.26767915407969073        6.7842790645480664E-003
  0.27515881856430807        7.1321164959782185E-003
  0.28251754910842730        7.4977879341508614E-003
  0.28974543613034814        7.8822077481584280E-003
  0.29683445495188127        8.2863371877999296E-003
  0.30377833951473404        8.7111867872062161E-003
  0.31057244066811368        9.1578188917017453E-003
  0.31721357661631328        9.6273503142213189E-003
  0.32369988151054629        1.0120955127924229E-002
  0.33003065671745080        1.0639867601988791E-002
  0.33620622804343120        1.1185385287928279E-002
  0.34222781115194040        1.1758872264145679E-002
  0.34809738657168360        1.2361762546840304E-002
  0.35381758503767902        1.2995563675795354E-002
  0.35939158340908739        1.3661860484012717E-002
  0.36482301104155207        1.4362319060621114E-002
  0.37011586623266046        1.5098690916966853E-002
  0.37527444218484735        1.5872817366304654E-002
  0.38030326182152652        1.6686634128040025E-002
  0.38520702073359081        1.7542176168036182E-002
  0.38999053751172125        1.8441582787088833E-002
  0.39465871072493908        1.9387102970292634E-002
  0.39921648182948294        2.0381101010675536E-002
  0.40366880332827770        2.1426062421163048E-002
  0.40802061154537811        2.2524600149655367E-002
  0.41227680342847772        2.3679461112758350E-002
  0.41644221684349275        2.4893533064506049E-002
  0.42052161387678011        2.6169851817250164E-002
  0.42451966671171693        2.7511608832772438E-002
  0.42844094569660335        2.8922159202601699E-002
  0.43228990926993832        3.0405030037490538E-002
  0.43607089545704264        3.1963929287029631E-002
  0.43978811469892470        3.3602755011453371E-002
  0.44344564382037799        3.5325605128821179E-002
  0.44704742098975325        3.7136787661947425E-002
  0.45059724156774195        3.9040831510702784E-002
  0.45409875478675887        4.1042497776623207E-002
  0.45755546124582380        4.3146791668144099E-002
  0.46097071124763828        4.5358975016228840E-002
  0.46434770404392428        4.7684579431687385E-002
  0.46768948809084698        5.0129420137084955E-002
  0.47099896244693740        5.2699610507827926E-002
  0.47427887946965375        5.5401577358787119E-002
  0.47753184898172396        5.8242077014683001E-002
  0.48076034408296164        6.1228212204417230E-002
  0.48396670877592651        6.4367449821595049E-002
  0.48715316755378518        6.7667639595649295E-002
  0.49032183706605464        7.1137033720253137E-002
  0.49347473993369628        7.4784307488103385E-002
  0.49661382073163962        7.8618580983671582E-002
  0.49974096409782681        8.2649441888166322E-002
  0.50285801486794557        8.6886969453730950E-002
  0.50596680007954009        9.1341759706824774E-002
  0.50906915264374208        9.6024951943809222E-002
  0.51216693645262057       0.10094825658499168     
  0.51526207267919732       0.10612398445677694     
  0.51835656703793676       0.11156507757514651     
  0.52145253780630996       0.11728514150744071     
  0.52455224446089488       0.12329847939336487     
  0.52765811685019071       0.12962012771028983     
  0.53077278490482283       0.13626589387227869     
  0.53389910896655235       0.14325239575685672     
  0.53704021089205534       0.15059710325836245     
  0.54019950614692669       0.15831838197178444     
  0.54338073714060553       0.16643553911631614     
  0.54658800805437324       0.17496887181346230     
  0.54982582137168556       0.18393971784041632     
  0.55309911622036478       0.19337050898561925     
  0.55641330846369152       0.20328482713991677     
  0.55977433221115769       0.21370746326357135     
  0.56318868203162220       0.22466447937657763     
  0.56666345460538770       0.23618327372728970     
  0.57020638780182920       0.24829264930231490     
  0.57382589416287511       0.26102288584898548     
  0.57753108445599710       0.27440581559050098     
  0.58133177529277291       0.28847490282306965     
  0.58523847279164798       0.30326532759408176     
  0.58926232199013129       0.31881407367055542     
  0.59341500945332881       0.33516002101782094     
  0.59770860486316457       0.35234404301968869     
  0.60215532735608279       0.37040910868320143     
  0.60676722584642728       0.38940039008353694     
  0.61155577163742814       0.40936537531772832     
  0.61653138284051678       0.43035398724964558     
  0.62170291818737877       0.45241870834316256     
  0.62707731297715463       0.47561471189565774     
  0.63265906031470198       0.50000000000000000     
  0.63817004804512845       0.52438528810434226     
  0.64334631790391361       0.54758129165683744     
  0.64821128813855611       0.56964601275035442     
  0.65278791383842061       0.59063462468227168     
  0.65709897267743200       0.61059960991646300     
  0.66116674330570857       0.62959089131679857     
  0.66501270120921319       0.64765595698031131     
  0.66865724497117152       0.66483997898217906     
  0.67211950070000948       0.68118592632944464     
  0.67541720796973148       0.69673467240591824     
  0.67856667769133705       0.71152509717693035     
  0.68158280623627654       0.72559418440949908     
  0.68447912975348224       0.73897711415101452     
  0.68726790466917742       0.75170735069768513     
  0.68996020326506446       0.76381672627271024     
  0.69256601611327262       0.77533552062342237     
  0.69509435562282862       0.78629253673642863     
  0.69755335690797804       0.79671517286008320     
  0.69995037364460178       0.80662949101438075     
  0.70229206761437535       0.81606028215958371     
  0.70458449133830103       0.82503112818653768     
  0.70683316365688575       0.83356446088368386     
  0.70904313839476973       0.84168161802821562     
  0.71121906640892707       0.84940289674163760     
  0.71336525140335327       0.85674760424314322     
  0.71548569992924116       0.86373410612772128     
  0.71758416599834418       0.87037987228971014     
  0.71966419073165355       0.87670152060663509     
  0.72172913745344069       0.88271485849255926     
  0.72378222262624792       0.88843492242485345     
  0.72582654300719540       0.89387601554322305     
  0.72786509939026534       0.89905174341500826     
  0.72990081728252554       0.90397504805619078     
  0.73193656484391689       0.90865824029317521     
  0.73397516839968657       0.91311303054626902     
  0.73601942581149304       0.91735055811183364     
  0.73807211796765315       0.92138141901632842     
  0.74013601862521006       0.92521569251189661     
  0.74221390280693000       0.92886296627974685     
  0.74430855392555428       0.93233236040435075     
  0.74642276977618638       0.93563255017840496     
  0.74855936750613095       0.93877178779558279     
  0.75072118764018525       0.94175792298531702     
  0.75291109720863503       0.94459842264121285     
  0.75513199199513303       0.94730038949217210     
  0.75738679789227148       0.94987057986291501     
  0.75967847132389843       0.95231542056831264     
  0.76200999866488150       0.95464102498377112     
  0.76438439456088403       0.95685320833185594     
  0.76680469902248927       0.95895750222337683     
  0.76927397313948431       0.96095916848929719     
  0.77179529323203477       0.96286321233805261     
  0.77437174322575875       0.96467439487117879     
  0.77700640500729579       0.96639724498854662     
  0.77970234648599901       0.96803607071297038     
  0.78246260705627890       0.96959496996250949     
  0.78529018012445995       0.97107784079739834     
  0.78818799233491443       0.97248839116722752     
  0.79115887910414318       0.97383014818274982     
  0.79420555605059362       0.97510646693549397     
  0.79733058589520034       0.97632053888724168     
  0.80053634040683819       0.97747539985034460     
  0.80382495698310164       0.97857393757883693     
  0.80719828949655659       0.97961889898932442     
  0.81065785310793093       0.98061289702970733     
  0.81420476286053645       0.98155841721291115     
  0.81783966603636016       0.98245782383196378     
  0.82156266848749016       0.98331336587195994     
  0.82537325547190321       0.98412718263369536     
  0.82927020793595552       0.98490130908303319     
  0.83325151571168565       0.98563768093937887     
  0.83731428974602173       0.98633813951598726     
  0.84145467625363013       0.98700443632420465     
  0.84566777657374270       0.98763823745315971     
  0.84994757747969507       0.98824112773585437     
  0.85428689767200172       0.98881461471207177     
  0.85867735707325166       0.98936013239801124     
  0.86310937617769967       0.98987904487207579     
  0.86757221288124942       0.99037264968577865     
  0.87205404368140982       0.99084218110829825     
  0.87654209464091315       0.99128881321279383     
  0.88102282485864425       0.99171366281220008     
  0.88548216133529845       0.99211779225184160     
  0.88990577924403280       0.99250221206584910     
  0.89427941621118312       0.99286788350402178     
  0.89858920408020093       0.99321572093545196     
  0.90282199777076733       0.99354659413492452     
  0.90696567921841365       0.99386133045780700     
  0.91100941562139892       0.99416071690886898     
  0.91494385537900524       0.99444550211020377     
  0.91876125154978205       0.99471639817317403     
  0.92245551021971739       0.99497408247906061     
  0.92602216846660612       0.99521919937286940     
  0.92945831243236077       0.99545236177452889     
  0.93276244963668187       0.99567415271150927     
  0.93593435092852173       0.99588512677669550     
  0.93897487671168689       0.99608581151515763     
  0.94188579992134058       0.99627670874328877     
  0.94466963535759563       0.99645829580360745     
  0.94732948199138467       0.99663102675836257     
  0.94986888215478193       0.99679533352492522     
  0.95229169933205660       0.99695162695580775     
  0.95460201464389005       0.99710029786600862     
  0.95680404102816174       0.99724171801025363     
  0.95890205347649149       0.99737624101257638     
  0.96090033337891878       0.99750420325056266     
  0.96280312495908515       0.99762592469646938     
  0.96461460186347403       0.99774170971732246     
  0.96633884213689858       0.99785184783599223     
  0.96797981002572431       0.99795661445515205     
  0.96954134327024799       0.99805627154592802     
  0.97102714475909191       0.99815106830296374     
  0.97244077761155467       0.99824124176753604     
  0.97378566292350577       0.99832701742028263     
  0.97506507955787736       0.99840860974501999     
  0.97628216548318802       0.99848622276506582     
  0.97743992026454740       0.99856005055340280     
  0.97854120839472514       0.99863027771796242     
  0.97958876321975807       0.99869707986324097     
  0.98058519126774235       0.99876062402940247     
  0.98153297683251972       0.99882106910996549     
  0.98243448669836819       0.99887856624912053     
  0.98329197491878351       0.99893325921966869     
  0.98410758758390648       0.99898528478252868     
  0.98488336752785410       0.99903477302871047     
  0.98562125894026076       0.99908184770461039     
  0.98632311185648913       0.99912662652144191     
  0.98699068650891675       0.99916922144957465     
  0.98762565752763454       0.99920973899851884     
  0.98822961798364650       0.99924828048325443     
  0.98880408327111025       0.99928494227757159     
  0.98935049482786741       0.99931981605505504     
  0.98987022369544087       0.99935298901831615     
  0.99036457392122113       0.99938454411704447     
  0.99083478580648066       0.99941456025542541     
  0.99128203900477729       0.99944311248944206     
  0.99170745547559069       0.99947027221455365     
  0.99211210229855196       0.99949610734422201     
  0.99249699435363770       0.99952068247972992     
  0.99286309687288665       0.99954405907171873     
  0.99321132786908750       0.99956629557384646     
  0.99354256044688549       0.99958744758895257     
  0.99385762500163399       0.99960756800809403     
  0.99415731131109708       0.99962670714280044     
  0.99444237052507511       0.99964491285087909     
  0.99471351705774591       0.99966223065608439     
  0.99497143038733848       0.99967870386195123     
  0.99521675676765486       0.99969437366007596     
  0.99545011085564228       0.99970927923311703     
  0.99567207725912077       0.99972345785277217     
  0.99588321200855667       0.99973694497297694     
  0.99608404395658079       0.99974977431855794     
  0.99627507610882216       0.99976197796956257     
  0.99645678688938788       0.99977358644147585     
  0.99662963134422222       0.99978462876152507     
  0.99679404228540125       0.99979513254126273     
  0.99695043137927386       0.99980512404561028     
  0.99709919018116844       0.99981462825853362     
  0.99724069111937530       0.99982366894551633     
  0.99737528843082845       0.99983226871298547     
  0.99750331905092338       0.99984044906483993     
  0.99762510345965338       0.99984823045622095     
  0.99774094648632516       0.99985563234466057     
  0.99785113807477832       0.99986267323873590     
  0.99795595401113546       0.99986937074435023     
  0.99805565661588624       0.99987574160875647     
  0.99815049540206002       0.99988180176243480     
  0.99824070770117146       0.99988756635892628     
  0.99832651925852756       0.99989304981272531     
  0.99840814479935369       0.99989826583532282     
  0.99848578856725334       0.99990322746949289     
  0.99855964483626225       0.99990794712190545     
  0.99862989839790373       0.99991243659415041     
  0.99869672502436779       0.99991670711224712     
  0.99876029190904614       0.99992076935471552     
  0.99882075808552895       0.99992463347927807     
  0.99887827482610114       0.99992830914825903     
  0.99893298602075509       0.99993180555274597     
  0.99898502853767079       0.99993513143557144     
  0.99903453256607611       0.99993829511317500     
  0.99908162194234151       0.99994130449639906     
  0.99912641446014316       0.99994416711026912     
  0.99916902216547321       0.99994689011281135     
  0.99920955163720659       0.99994948031295050     
  0.99924810425400379       0.99995194418753641     
  0.99928477644812597       0.99995428789753904     
  0.99931965994689431       0.99995651730345447     
  0.99935284200230934       0.99995863797995865     
  0.99938440560949604       0.99996065522984789     
  0.99941442971445393       0.99996257409729761     
  0.99944298941167342       0.99996439938047621     
  0.99947015613208912       0.99996613564354242     
  0.99949599782187570       0.99996778722805846     
  0.99952057911248204       0.99996935826384592     
  0.99954396148240210       0.99997085267931285     
  0.99956620341101166       0.99997227421127632     
  0.99958736052492092       0.99997362641430687     
  0.99960748573716873       0.99997491266961647     
  0.99962662937961100       0.99997613619351344     
  0.99964483932889170       0.99997730004544494     
  0.99966216112620954       0.99997840713564723     
  0.99967863809125779       0.99997946023242235     
  0.99969431143063625       0.99998046196906087     
  0.99970922034092824       0.99998141485042646     
  0.99972340210675059       0.99998232125921871     
  0.99973689219406070       0.99998318346193193     
  0.99974972433885045       0.99998400361452200     
  0.99976193063156682       0.99998478376779765     
  0.99977354159736798       0.99998552587254852     
  0.99978458627250244       0.99998623178442314     
  0.99979509227692298       0.99998690326856876     
  0.99980508588339212       0.99998754200404583     
  0.99981459208318868       0.99998814958802551     
  0.99982363464862856       0.99998872753978452     
  0.99983223619252493       0.99998927730450315     
  0.99984041822474301       0.99998980025687967     
  0.99984820120600482       0.99999029770456749     
  0.99985560459906975       0.99999077089144495     
  0.99986264691740379       0.99999122100072579     
  0.99986934577149456       0.99999164915791749     
  0.99987571791289587       0.99999205643363642     
  0.99988177927611188       0.99999244384628372     
  0.99988754501847377       0.99999281236459303     
  0.99989302955802117       0.99999316291005214     
  0.99989824660958193       0.99999349635920709     
  0.99990320921906384       0.99999381354585470     
  0.99990792979608267       0.99999411526312665     
  0.99991242014500625       0.99999440226547354     
  0.99991669149445117       0.99999467527055053     
  0.99992075452539886       0.99999493496101255     
  0.99992461939788391       0.99999518198622117     
  0.99992829577640607       0.99999541696386796     
  0.99993179285410672       0.99999564048151957     
  0.99993511937575530       0.99999585309808647     
  0.99993828365961746       0.99999605534522096     
  0.99994129361825790       0.99999624772864615     
  0.99994415677832438       0.99999643072942079     
  0.99994688029938217       0.99999660480514230     
  0.99994947099180242       0.99999677039109047     
  0.99995193533380466       0.99999692790131656     
  0.99995427948765392       0.99999707772967816     
  0.99995650931506963       0.99999722025082427     
  0.99995863039188537       0.99999735582113203     
  0.99996064802198292       0.99999748477959760     
  0.99996256725058419       0.99999760744868460     
  0.99996439287683225       0.99999772413512955     
  0.99996612946580932       0.99999783513070928     
  0.99996778135995690       0.99999794071297066     
  0.99996935268993015       0.99999804114592439     
  0.99997084738492104       0.99999813668070503     
  0.99997226918248872       0.99999822755619927     
  0.99997362163791448       0.99999831399964345     
  0.99997490813307310       0.99999839622719100     
  0.99997613188491274       0.99999847444445367     
  0.99997729595348028       0.99999854884701533     
  0.99997840324957932       0.99999861962092118     
  0.99997945654205556       0.99999868694314298     
  0.99998045846470651       0.99999875098202107     
  0.99998141152288478       0.99999881189768625     
  0.99998231809975424       0.99999886984245945     
  0.99998318046223955       0.99999892496123255     
  0.99998400076671667       0.99999897739183130     
  0.99998478106438626       0.99999902726535961     
  0.99998552330640822       0.99999907470652716     
  0.99998622934879045       0.99999911983396161     
  0.99998690095701859       0.99999916276050516     
  0.99998753981046673       0.99999920359349637     
  0.99998814750661247       0.99999924243503913     
  0.99998872556501739       0.99999927938225752     
  0.99998927543114058       0.99999931452753865     
  0.99998979847993663       0.99999934795876422     
  0.99999029601930745       0.99999937975952968     
  0.99999076929336195       0.99999941000935344     
  0.99999121948554226       0.99999943878387587     
  0.99999164772156390       0.99999946615504831     
  0.99999205507224576       0.99999949219131290     
  0.99999244255617792       0.99999951695777378     
  0.99999281114227734       0.99999954051636020     
  0.99999316175220354       0.99999956292598069     
  0.99999349526266335       0.99999958424267110     
  0.99999381250761721       0.99999960451973435     
  0.99999411428033314       0.99999962380787344     
  0.99999440133541140       0.99999964215531889     
  0.99999467439063605       0.99999965960794879     
  0.99999493412879104       0.99999967620940389     
  0.99999518119935815       0.99999969200119654     
  0.99999541622014132       0.99999970702281427     
  0.99999563977881989       0.99999972131181913     
  0.99999585243440969       0.99999973490394101     
  0.99999605471865394       0.99999974783316714     
  0.99999624713737267       0.99999976013182756     
  0.99999643017171913       0.99999977183067523     
  0.99999660427936699       0.99999978295896330     
  0.99999676989568476       0.99999979354451840     
  0.99999692743479363       0.99999980361380991     
  0.99999707729062737       0.99999981319201614     
  0.99999721983790102       0.99999982230308782     
  0.99999735543306190       0.99999983096980727     
  0.99999748441516423       0.99999983921384583     
  0.99999760710673424       0.99999984705581790     
  0.99999772381456320       0.99999985451533246     
  0.99999783483048388       0.99999986161104215     
  0.99999794043209356       0.99999986836069010     
  0.99999804088344646       0.99999987478115371     
  0.99999813643572977       0.99999988088848768     
  0.99999822732786980       0.99999988669796336     
  0.99999831378715065       0.99999989222410768     
  0.99999839602975971       0.99999989748073870     
  0.99999847426134714       0.99999990248100079     
  0.99999854867753946       0.99999990723739729     
  0.99999861946440327       0.99999991176182146     
  0.99999868679895743       0.99999991606558702     
  0.99999875084956280       0.99999992015945538     
  0.99999881177637873       0.99999992405366334     
  0.99999886973176433       0.99999992775794866     
  0.99999892486062758       0.99999993128157372     
  0.99999897730082632       0.99999993463334969     
  0.99999902718348432       0.99999993782165753     
  0.99999907463333648       0.99999994085446975     
  0.99999911976903533       0.99999994373937007     
  0.99999916270343669       0.99999994648357204     
  0.99999920354390215       0.99999994909393775     
  0.99999924239255633       0.99999995157699439     
  0.99999927934653554       0.99999995393895091     
  0.99999931449824964       0.99999995618571347     
  0.99999934793559486       0.99999995832290012     
  0.99999937974218434       0.99999996035585503     
  0.99999940999754444       0.99999996228966148     
  0.99999943877733055       0.99999996412915504     
  0.99999946615351276       0.99999996587893547     
  0.99999949219454454       0.99999996754337817     
  0.99999951696553402       0.99999996912664491     
  0.99999954052843409       0.99999997063269486     
  0.99999956294215497       0.99999997206529401     
  0.99999958426274793       0.99999997342802438     
  0.99999960454352299       0.99999997472429358     
  0.99999962383519259       0.99999997595734302     
  0.99999964218599435       0.99999997713025590     
  0.99999965964181725       0.99999997824596509     
  0.99999967624631014       0.99999997930726059     
  0.99999969204099626       0.99999998031679616     
  0.99999970706536268       0.99999998127709600     
  0.99999972135698201       0.99999998219056141     
  0.99999973495159100       0.99999998305947668     
  0.99999974788318258       0.99999998388601441     
  0.99999976018409520       0.99999998467224149     
  0.99999977188508193       0.99999998542012369     
  0.99999978301540848       0.99999998613153140     
  0.99999979360289648       0.99999998680824320     
  0.99999980367403252       0.99999998745195151     
  0.99999981325399279       0.99999998806426571     
  0.99999982236672980       0.99999998864671702     
  0.99999983103503498       0.99999998920076183     
  0.99999983928058167       0.99999998972778548     
  0.99999984712399026       0.99999999022910602     
  0.99999985458486718       0.99999999070597678     
  0.99999986168187616       0.99999999115959037     
  0.99999986843276167       0.99999999159108088     
  0.99999987485439745       0.99999999200152734     
  0.99999988096285020       0.99999999239195614     
  0.99999988677338836       0.99999999276334350     
  0.99999989230054509       0.99999999311661802     
  0.99999989755813801       0.99999999345266322     
  0.99999990255931637       0.99999999377231930     
  0.99999990731658139       0.99999999407638551     
  0.99999991184183545       0.99999999436562226     
  0.99999991614638872       0.99999999464075273     
  0.99999992024100504       0.99999999490246505     
  0.99999992413592587       0.99999999515141336     
  0.99999992784088898       0.99999999538822038     
  0.99999993136515808       0.99999999561347819     
  0.99999993471754978       0.99999999582775012     
  0.99999993790644004       0.99999999603157175     
  0.99999994093980904       0.99999999622545299     
  0.99999994382523694       0.99999999640987847     
  0.99999994656994162       0.99999999658530947     
  0.99999994918078250       0.99999999675218454     
  0.99999995166429279       0.99999999691092101     
  0.99999995402668362       0.99999999706191578     
  0.99999995627385674       0.99999999720554655     
  0.99999995841143452       0.99999999734217226     
  0.99999996044475925       0.99999999747213475     
  0.99999996237892053       0.99999999759575886     
  0.99999996421875081       0.99999999771335379     
  0.99999996596884932       0.99999999782521343     
  0.99999996763359822       0.99999999793161776     
  0.99999996921715562       0.99999999803283257     
  0.99999997072347924       0.99999999812911111     
  0.99999997215634207       0.99999999822069408     
  0.99999997351932002       0.99999999830781050     
  0.99999997481582825       0.99999999839067832     
  0.99999997604910396       0.99999999846950449     
  0.99999997722222944       0.99999999854448629     
  0.99999997833814291       0.99999999861581124     
  0.99999997939963337       0.99999999868365752     
  0.99999998040935267       0.99999999874819501     
  0.99999998136982737       0.99999999880958490     
  0.99999998228345921       0.99999999886798074     
  0.99999998315253447       0.99999999892352864     
  0.99999998397922418       0.99999999897636749     
  0.99999998476559426       0.99999999902662928     
  0.99999998551361535       0.99999999907443982     
  0.99999998622515252       0.99999999911991855     
  0.99999998690198555       0.99999999916317928     
  0.99999998754580932       0.99999999920433014     
  0.99999998815823865       0.99999999924347416     
  0.99999998874079377       0.99999999928070904     
  0.99999998929493839       0.99999999931612793     
  0.99999998982205762       0.99999999934981942     
  0.99999999032347053       0.99999999938186768     
  0.99999999080042723       0.99999999941235307     
  0.99999999125412520       0.99999999944135165     
  0.99999999168569298       0.99999999946893592     
  0.99999999209621271       0.99999999949517482     
  0.99999999248671079       0.99999999952013408     
  0.99999999285816477       0.99999999954387608     
  0.99999999321150490       0.99999999956646024     
  0.99999999354761004       0.99999999958794283     
  0.99999999386732241       0.99999999960837771     
  0.99999999417144458       0.99999999962781605     
  0.99999999446073329       0.99999999964630637     
  0.99999999473591539       0.99999999966389486     
  0.99999999499767545       0.99999999968062558     
  0.99999999524666794       0.99999999969654030     
  0.99999999548351770       0.99999999971167886     
  0.99999999570881726       0.99999999972607911     
  0.99999999592312550       0.99999999973977705     
  0.99999999612698554       0.99999999975280696     
  0.99999999632090064       0.99999999976520138     
  0.99999999650536109       0.99999999977699128     
  0.99999999668082407       0.99999999978820620     
  0.99999999684773044       0.99999999979887422     
  0.99999999700649445       0.99999999980902188     
  0.99999999715751420       0.99999999981867460     
  0.99999999730117128       0.99999999982785659     
  0.99999999743782109       0.99999999983659082     
  0.99999999756780911       0.99999999984489907     
  0.99999999769145442       0.99999999985280208     
  0.99999999780906956       0.99999999986031962     
  0.99999999792094729       0.99999999986747057     
  0.99999999802737061       0.99999999987427279     
  0.99999999812860563       0.99999999988074328     
  0.99999999822489993       0.99999999988689814     
  0.99999999831649977       0.99999999989275279     
  0.99999999840363207       0.99999999989832200     
  0.99999999848651411       0.99999999990361954     
  0.99999999856535327       0.99999999990865873     
  0.99999999864034961       0.99999999991345223     
  0.99999999871168443       0.99999999991801181     
  0.99999999877954504       0.99999999992234911     
  0.99999999884409296       0.99999999992647481     
  0.99999999890549252       0.99999999993039934     
  0.99999999896389857       0.99999999993413247     
  0.99999999901945558       0.99999999993768351     
  0.99999999907230508       0.99999999994106137     
  0.99999999912257564       0.99999999994427458     
  0.99999999917039517       0.99999999994733102     
  0.99999999921588212       0.99999999995023836     
  0.99999999925914840       0.99999999995300393     
  0.99999999930030659       0.99999999995563460     
  0.99999999933945816       0.99999999995813693     
  0.99999999937669815       0.99999999996051736     
  0.99999999941212214       0.99999999996278155     
  0.99999999944582263       0.99999999996493538     
  0.99999999947787488       0.99999999996698419     
  0.99999999950836782       0.99999999996893307     
  0.99999999953737018       0.99999999997078681     
  0.99999999956496100       0.99999999997255029     
  0.99999999959120300       0.99999999997422762     
  0.99999999961616515       0.99999999997582323     
  0.99999999963991038       0.99999999997734101     
  0.99999999966249764       0.99999999997878475     
  0.99999999968398590       0.99999999998015809     
  0.99999999970442444       0.99999999998146449     
  0.99999999972386655       0.99999999998270717     
  0.99999999974235798       0.99999999998388922     
  0.99999999975994835       0.99999999998501354     
  0.99999999977668375       0.99999999998608313     
  0.99999999979260312       0.99999999998710054     
  0.99999999980774323       0.99999999998806832     
  0.99999999982214660       0.99999999998898892     
  0.99999999983584897       0.99999999998986455     
  0.99999999984888033       0.99999999999069755     
  0.99999999986127963       0.99999999999148992     
  0.99999999987307031       0.99999999999224354     
  0.99999999988428823       0.99999999999296052     
  0.99999999989495680       0.99999999999364253     
  0.99999999990510546       0.99999999999429123     
  0.99999999991476074       0.99999999999490830     
  0.99999999992394228       0.99999999999549527     
  0.99999999993267985       0.99999999999605371     
  0.99999999994098965       0.99999999999658473     
  0.99999999994889510       0.99999999999708999     
  0.99999999995641242       0.99999999999757061     
  0.99999999996356481       0.99999999999802769     
  0.99999999997036848       0.99999999999846256     
  0.99999999997684330       0.99999999999887623     
  0.99999999998299904       0.99999999999926970     
  0.99999999998885558       0.99999999999964395     
   1.0000000000000000        1.0000000000003562     
