   1.1243758462335349E-010   3.5602492699691204E-013
   2.3063996757220038E-010   7.3030364261700754E-013
   3.5490271638161375E-010   1.1237720386303144E-012
   4.8553655265844382E-010   1.5374139910047252E-012
   6.2286812904723567E-010   1.9722638201084793E-012
   7.6724084603200984E-010   2.4294088770499111E-012
   9.1901571061636486E-010   2.9099922626216698E-012
   1.0785722390290579E-009   3.4152156856482169E-012
   1.2463094057122802E-009   3.9463424678839018E-012
   1.4226466409656138E-009   4.5047007029754898E-012
   1.6080248797402798E-009   5.0916865773881445E-012
   1.8029076642062222E-009   5.7087678615989351E-012
   2.0077823028490178E-009   6.3574875802876729E-012
   2.2231610889949517E-009   7.0394678707024426E-012
   2.4495825818112121E-009   7.7564140388477833E-012
   2.6876129529843730E-009   8.5101188236380793E-012
   2.9378474024445571E-009   9.3024668796787753E-012
   3.2009116466753307E-009   1.0135439489884700E-011
   3.4774634833308804E-009   1.1011119519719513E-011
   3.7681944360728280E-009   1.1931696625444431E-011
   4.0738314837396374E-009   1.2899472729399580E-011
   4.3951388781724253E-009   1.3916867776009048E-011
   4.7329200552427032E-009   1.4986425782902603E-011
   5.0880196438606137E-009   1.6110821202285082E-011
   5.4613255779872032E-009   1.7292865608460173E-011
   5.8537713169319063E-009   1.8535514728230854E-011
   6.2663381794870929E-009   1.9841875831756194E-011
   6.7000577977362778E-009   2.1215215502345486E-011
   7.1560146966717505E-009   2.2658967804618260E-011
   7.6353490060720506E-009   2.4176742871454803E-011
   8.1392593114203492E-009   2.5772335931209052E-011
   8.6690056509925777E-009   2.7449736797756637E-011
   9.2259126666095192E-009   2.9213139847108044E-011
   9.8113729159314431E-009   3.1066954505533727E-011
   1.0426850354577703E-008   3.3015816275426860E-011
   1.1073883996778423E-008   3.5064598326474182E-011
   1.1754091763711846E-008   3.7218423681118950E-011
   1.2469174529150123E-008   3.9482678024785837E-011
   1.3220920372529804E-008   4.1863023172900198E-011
   1.4011209050081931E-008   4.4365411228376145E-011
   1.4842016695201889E-008   4.6996099464974639E-011
   1.5715420759812344E-008   4.9761665973747546E-011
   1.6633605209075301E-008   5.2669026111692212E-011
   1.7598865982442749E-008   5.5725449793746458E-011
   1.8613616734701344E-008   5.8938579671363236E-011
   1.9680394871366779E-008   6.2316450243120690E-011
   2.0801867893519443E-008   6.5867507945154213E-011
   2.1980840067946719E-008   6.9600632271646915E-011
   2.3220259439270855E-008   7.3525157978190892E-011
   2.4523225201596309E-008   7.7650898423539195E-011
   2.5892995448109487E-008   8.1988170108114919E-011
   2.7332995318009043E-008   8.6547818470636735E-011
   2.8846825561138182E-008   9.1341245007365558E-011
   3.0438271541735090E-008   9.6380435781784908E-011
   3.2111312703815474E-008   1.0167799139600365E-010
   3.3870132521855722E-008   1.0724715849882572E-010
   3.5719128961658381E-008   1.1310186290927285E-010
   3.7662925477557848E-008   1.1925674443838687E-010
   3.9706382573464772E-008   1.2572719349638397E-010
   4.1854609956657901E-008   1.3252938957669785E-010
   4.4112979314714068E-008   1.3968034171314199E-010
   4.6487137747525606E-008   1.4719793101135512E-010
   4.8983021887991853E-008   1.5510095536088052E-010
   5.1606872746694079E-008   1.6340917643968260E-010
   5.4365251317673144E-008   1.7214336912863673E-010
   5.7265054984332522E-008   1.8132537345955412E-010
   6.0313534766489997E-008   1.9097814922663894E-010
   6.3518313451704536E-008   2.0112583339793472E-010
   6.6887404656216255E-008   2.1179380047031874E-010
   7.0429232863161668E-008   2.2300872591896294E-010
   7.4152654488170132E-008   2.3479865289991872E-010
   7.8066980025016642E-008   2.4719306237261589E-010
   8.2181997326706580E-008   2.6022294681761963E-010
   8.6507996080206974E-008   2.7392088773397744E-010
   9.1055793536024361E-008   2.8832113710993987E-010
   9.5836761556966137E-008   3.0345970307077522E-010
   1.0086285505372166E-007   3.1937443991784073E-010
   1.0614664187836669E-007   3.3610514278405652E-010
   1.1170133425054071E-007   3.5369364714246913E-010
   1.1754082179487887E-007   3.7218393341672844E-010
   1.2367970627230886E-007   3.9162223695505820E-010
   1.3013333809206031E-007   4.1205716364271326E-010
   1.3691785469568405E-007   4.3353981144201390E-010
   1.4405022090906276E-007   4.5612389816387113E-010
   1.5154827136331311E-007   4.7986589579029832E-010
   1.5943075509065421E-007   5.0482517168378558E-010
   1.6771738240675531E-007   5.3106413703663307E-010
   1.7642887419679237E-007   5.5864840293144551E-010
   1.8558701372845538E-007   5.8764694440301834E-010
   1.9521470112146518E-007   6.1813227291185763E-010
   2.0533601060980183E-007   6.5018061766060615E-010
   2.1597625073983085E-007   6.8387211620676206E-010
   2.2716202765485253E-007   7.1929101484831966E-010
   2.3892131162432042E-007   7.5652587928340333E-010
   2.5128350698408512E-007   7.9566981607065100E-010
   2.6427952566255103E-007   8.3682070544411425E-010
   2.7794186447660061E-007   8.8008144606483534E-010
   2.9230468639056382E-007   9.2556021232110371E-010
   3.0740390594142624E-007   9.7337072482078154E-010
   3.2327727904387906E-007   1.0236325347520656E-009
   3.3996449739977386E-007   1.0764713228237378E-009
   3.5750728774805226E-007   1.1320192135324115E-009
   3.7594951620333017E-007   1.1904151055426029E-009
   3.9533729794403376E-007   1.2518050190057514E-009
   4.1571911252436779E-007   1.3163424606866691E-009
   4.3714592509845345E-007   1.3841888078104207E-009
   4.5967131385976225E-007   1.4555137115894563E-009
   4.8335160401450765E-007   1.5304955214400236E-009
   5.0824600862400026E-007   1.6093217309486178E-009
   5.3441677666814551E-007   1.6921894467036254E-009
   5.6192934870031701E-007   1.7793058811644755E-009
   5.9085252048282801E-007   1.8708888708007382E-009
   6.2125861501217091E-007   1.9671674207967793E-009
   6.5322366336418014E-007   2.0683822776840222E-009
   6.8682759481132487E-007   2.1747865313326940E-009
   7.2215443668752197E-007   2.2866462478083471E-009
   7.5929252450023930E-007   2.4042411346756337E-009
   7.9833472281527366E-007   2.5278652404129275E-009
   8.3937865746653541E-007   2.6578276896867074E-009
   8.8252695967148165E-007   2.7944534563242618E-009
   9.2788752266261438E-007   2.9380841759175513E-009
   9.7557377147675828E-007   3.0890790000901663E-009
   1.0257049465767281E-006   3.2478154945634839E-009
   1.0784064020145896E-006   3.4146905832676666E-009
   1.1338099188820779E-006   3.5901215408582655E-009
   1.1920540348319603E-006   3.7745470361202380E-009
   1.2532843904943215E-006   3.9684282288684367E-009
   1.3176540936539860E-006   4.1722499230873846E-009
   1.3853241020997215E-006   4.3865217791938008E-009
   1.4564636261025354E-006   4.6117795884531503E-009
   1.5312505515294711E-006   4.8485866127369228E-009
   1.6098718846509166E-006   5.0975349929707484E-009
   1.6925242197536645E-006   5.3592472297951892E-009
   1.7794142307290063E-006   5.6343777401416274E-009
   1.8707591878650860E-006   5.9236144936155216E-009
   1.9667875011357593E-006   6.2276807327788114E-009
   2.0677392913444650E-006   6.5473367816330994E-009
   2.1738669905512664E-006   6.8833819468257478E-009
   2.2854359732844461E-006   7.2366565163328957E-009
   2.4027252201149969E-006   7.6080438606171487E-009
   2.5260280152533121E-006   7.9984726415139268E-009
   2.6556526799124046E-006   8.4089191343698426E-009
   2.7919233432714728E-006   8.8404096692396627E-009
   2.9351807529675864E-006   9.2940231972461018E-009
   3.0857831271421881E-006   9.7708939885197253E-009
   3.2441070501729217E-006   1.0272214468465162E-008
   3.4105484143306227E-006   1.0799238199445820E-008
   3.5855234097160693E-006   1.1353283015342832E-008
   3.7694695649518844E-006   1.1935734316826298E-008
   3.9628468412318206E-006   1.2548048535578672E-008
   4.1661387824631602E-006   1.3191756776132711E-008
   4.3798537243781363E-006   1.3868468644430426E-008
   4.6045260656378333E-006   1.4579876272676473E-008
   4.8407176041069362E-006   1.5327758550550173E-008
   5.0890189416407532E-006   1.6113985573356443E-008
   5.3500509608971729E-006   1.6940523318238265E-008
   5.6244663778663703E-006   1.7809438560143743E-008
   5.9129513740003803E-006   1.8722904039840133E-008
   6.2162273120237329E-006   1.9683203896897684E-008
   6.5350525397155245E-006   2.0692739381228484E-008
   6.8702242861733454E-006   2.1754034857462148E-008
   7.2225806553007119E-006   2.2869744117172493E-008
   7.5930027215027166E-006   2.4042657014738964E-008
   7.9824167328302601E-006   2.5275706443435935E-008
   8.3917964270818443E-006   2.6571975669193827E-008
   8.8221654666543803E-006   2.7934706040370140E-008
   9.2745999982314046E-006   2.9367305092808939E-008
   9.7502313437092395E-006   3.0873355070455623E-008
   1.0250248829089798E-005   3.2456621882832959E-008
   1.0775902758413755E-005   3.4121064521776768E-008
   1.1328507540170411E-005   3.5870844960977911E-008
   1.1909444974001936E-005   3.7710338563084753E-008
   1.2520167705920357E-005   3.9644145020389086E-008
   1.3162202860677264E-005   4.1677099856453123E-008
   1.3837155860368861E-005   4.3814286517437422E-008
   1.4546714438824991E-005   4.6061049083364576E-008
   1.5292652861820014E-005   4.8423005631103213E-008
   1.6076836363658427E-005   5.0906062282486963E-008
   1.6901225811228772E-005   5.3516427972695819E-008
   1.7767882607188505E-005   5.6260629975828622E-008
   1.8678973844540273E-005   5.9145530226488737E-008
   1.9636777725488590E-005   6.2178342478195282E-008
   2.0643689258126989E-005   6.5366650341524948E-008
   2.1702226245200119E-005   6.8718426247089097E-008
   2.2815035579915883E-005   7.2242051380763550E-008
   2.3984899864550295E-005   7.5946336641019511E-008
   2.5214744368394949E-005   7.9840544670759773E-008
   2.6507644342445558E-005   8.3934413018751289E-008
   2.7866832709121956E-005   8.8238178488570003E-008
   2.9295708146247790E-005   9.2762602735942532E-008
   3.0797843585503999E-005   9.7518999178491929E-008
   3.2376995146606433E-005   1.0251926128517532E-007
   3.4037111529547716E-005   1.0777589231615236E-007
   3.5782343888388527E-005   1.1330203658744914E-007
   3.7617056211287946E-005   1.1911151233859577E-007
   3.9545836232728098E-005   1.2521884628542393E-007
   4.1573506905219111E-005   1.3163930994442410E-007
   4.3705138459169385E-005   1.3838895781949250E-007
   4.5946061081077130E-005   1.4548466754655449E-007
   4.8301878241744673E-005   1.5294418209644671E-007
   5.0778480707842917E-005   1.6078615414158759E-007
   5.3382061271861863E-005   1.6903019269737520E-007
   5.6119130237279324E-005   1.7769691215494149E-007
   5.8996531697668324E-005   1.8680798382786889E-007
   6.2021460650449339E-005   1.9638619014176414E-007
   6.5201480988079865E-005   2.0645548160219077E-007
   6.8544544411668185E-005   2.1704103668341007E-007
   7.2059010314304921E-005   2.2816932478768349E-007
   7.5753666683830162E-005   2.3986817243256758E-007
   7.9637752077303168E-005   2.5216683283170415E-007
   8.3720978722121771E-005   2.6509605904309387E-007
   8.8013556801555532E-005   2.7868818086776215E-007
   9.2526219985417593E-005   2.9297718569110374E-007
   9.7270252269714797E-005   3.0799880346905233E-007
   1.0225751619238775E-004   3.2379059607158371E-007
   1.0750048249569350E-004   3.4039205120695876E-007
   1.1301226130940102E-004   3.5784468116156499E-007
   1.1880663493277195E-004   3.7619212660225887E-007
   1.2489809229729735E-004   3.9548026570076725E-007
   1.3130186519636234E-004   4.1575732885301698E-007
   1.3803396637243094E-004   4.3707401928025059E-007
   1.4511122955698536E-004   4.5948363981349325E-007
   1.5255135156333846E-004   4.8304222617839831E-007
   1.6037293653757052E-004   5.0780868711375387E-007
   1.6859554247823701E-004   5.3384495167401766E-007
   1.7723973014116800E-004   5.6121612408421536E-007
   1.8632711445164293E-004   5.8999064653442000E-007
   1.9588041855249212E-004   6.2024047032088071E-007
   2.0592353062327199E-004   6.5204123576174852E-007
   2.1648156361258168E-004   6.8547246133727443E-007
   2.2758091803288228E-004   7.2061774252743706E-007
   2.3924934797482769E-004   7.5756496084419074E-007
   2.5151603050617329E-004   7.9640650358102796E-007
   2.6441163862878656E-004   8.3723949482934194E-007
   2.7796841797618184E-004   8.8016603833925226E-007
   2.9222026744335440E-004   9.2529347283217143E-007
   3.0720282395051813E-004   9.7273464040352639E-007
   3.2295355155269057E-004   1.0226081686867817E-006
   3.3951183511793208E-004   1.0750387674843241E-006
   3.5691907880846911E-004   1.1301575406069348E-006
   3.7521880961094005E-004   1.1881023137016151E-006
   3.9445678617462719E-004   1.2490179788875053E-006
   4.1468111322980603E-004   1.3130568570616639E-006
   4.3594236187229670E-004   1.3803790787806608E-006
   4.5829369601497062E-004   1.4511529846703913E-006
   4.8179100532237700E-004   1.5255555463653363E-006
   5.0649304496087021E-004   1.6037728090298418E-006
   5.3246158251365225E-004   1.6860003565679526E-006
   5.5976155242806129E-004   1.7724438006850591E-006
   5.8846121838126541E-004   1.8633192950242770E-006
   6.1863234397031711E-004   1.9588540756631586E-006
   6.5035037215333826E-004   2.0592870293222670E-006
   6.8369461389047610E-004   2.1648692907064255E-006
   7.1874844645627739E-004   2.2758648704723076E-006
   7.5559952191930002E-004   2.3925513153926170E-006
   7.9433998631019684E-004   2.5152204023676070E-006
   8.3506671002623277E-004   2.6441788680193323E-006
   8.7788153004827790E-004   2.7797491756929983E-006
   9.2289150457585366E-004   2.9222703217833155E-006
   9.7020918071684197E-004   3.0720986834020812E-006
   1.0199528759011118E-003   3.2296089095066189E-006
   1.0722469737216112E-003   3.3951948577173425E-006
   1.1272222349425439E-003   3.5692705791669900E-006
   1.1850161244521531E-003   3.7522713538441549E-006
   1.2457731549774934E-003   3.9446547790200163E-006
   1.3096452484204683E-003   4.1469019134799048E-006
   1.3767921157184487E-003   4.3595184804208725E-006
   1.4473816561790852E-003   4.5830361320231437E-006
   1.5215903772876087E-003   4.8180137788575295E-006
   1.5996038360360666E-003   5.0650389874530202E-006
   1.6816171028777309E-003   5.3247294495192028E-006
   1.7678352494664633E-003   5.5977345264973192E-006
   1.8584738614002519E-003   5.8847368733021578E-006
   1.9537595772506186E-003   6.1864541453149700E-006
   2.0539306552252810E-003   6.5036407928957835E-006
   2.1592375688805048E-003   6.8370899479023402E-006
   2.2699436333721602E-003   7.1876354069329190E-006
   2.3863256638107918E-003   7.5561537162521990E-006
   2.5086746673662463E-003   7.9435663636135633E-006
   2.6372965708516866E-003   8.3508420824585249E-006
   2.7725129856054805E-003   8.7789992742550050E-006
   2.9146620115825970E-003   9.2291085550315267E-006
   3.0640990826651393E-003   9.7022954324750362E-006
   3.2211978553045150E-003   1.0199743120286448E-005
   3.3863511427160713E-003   1.0722695496831301E-005
   3.5599718969606896E-003   1.1272460215483662E-005
   3.7424942413675074E-003   1.1850411974440793E-005
   3.9343745558775905E-003   1.2457995954184793E-005
   4.1360926180205228E-003   1.3096731431186673E-005
   4.3481528023748064E-003   1.3768215576888993E-005
   4.5710853415089417E-003   1.4474127451466535E-005
   4.8054476515535230E-003   1.5216232202351437E-005
   5.0518257257160292E-003   1.5996385478021320E-005
   5.3108355992195029E-003   1.6816538068087207E-005
   5.5831248893245941E-003   1.7678740781283797E-005
   5.8693744142816881E-003   1.8585149573559687E-005
   6.1702998952568059E-003   1.9538030939090382E-005
   6.4866537454818509E-003   2.0539767577694470E-005
   6.8192269510973088E-003   2.1592864352824442E-005
   7.1688510483840324E-003   2.2699954555030231E-005
   7.5364002023210093E-003   2.3863806486557395E-005
   7.9227933916584687E-003   2.5087330383544916E-005
   8.3289967059608696E-003   2.6373585693131581E-005
   8.7560257603532133E-003   2.7725788723667710E-005
   9.2049482339968212E-003   2.9147320687161522E-005
   9.6768865386285922E-003   3.0641736154070665E-005
   1.0173020623820847E-002   3.2212771941580037E-005
   1.0694590925958475E-002   3.3864356457591512E-005
   1.1242901468286595E-002   3.5600619523790170E-005
   1.1819323119756366E-002   3.7425902702349971E-005
   1.2425297020789561E-002   3.9344770152100921E-005
   1.3062338184494980E-002   4.1362020041303837E-005
   1.3732039282302577E-002   4.3482696545570620E-005
   1.4436074623434898E-002   4.5712102460931082E-005
   1.5176204338111088E-002   4.8055812463585456E-005
   1.5954278774877231E-002   5.0519687049499116E-005
   1.6772243122978071E-002   5.3109887188695429E-005
   1.7632142271231131E-002   5.5832889730890468E-005
   1.8536125915433840E-002   5.8695503600991366E-005
   1.9486453926929149E-002   6.1704886824955719E-005
   2.0485501995574421E-002   6.4868564428585457E-005
   2.1535767561002034E-002   6.8194447254011527E-005
   2.2639876046727694E-002   7.1690851740920415E-005
   2.3800587412352060E-002   7.5366520721985763E-005
   2.5020803039811062E-002   7.9230645284504648E-005
   2.6303572970357431E-002   8.3292887752904027E-005
   2.7652103509694669E-002   8.7563405849585277E-005
   2.9069765219430964E-002   9.2052878094521932E-005
   3.0560101313763414E-002   9.6772530507122635E-005
   3.2126836481032969E-002   1.0173416467712785E-004
   3.3773886150491865E-002   1.0695018727473219E-004
   3.5505366225278411E-002   1.1243364107372332E-004
   3.7325603303172541E-002   1.1819823756521093E-004
   3.9239145407177163E-002   1.2425839124349770E-004
   4.1250773248288915E-002   1.3062925564982409E-004
   4.3365512042934318E-002   1.3732676126411582E-004
   4.5588643907377074E-002   1.4436765533948278E-004
   4.7925720850858465E-002   1.5176954377907608E-004
   5.0382578388193905E-002   1.5955093516001792E-004
   5.2965349790860719E-002   1.6773128701448643E-004
   5.5680480993076764E-002   1.7633105448368249E-004
   5.8534746165737381E-002   1.8537174146633897E-004
   6.1535263966023351E-002   1.9487595438966987E-004
   6.4689514463609599E-002   2.0486745873721541E-004
   6.8005356735168040E-002   2.1537123847493127E-004
   7.1491047106611014E-002   2.2641355852411930E-004
   7.5155258006420977E-002   2.3802203043741318E-004
   7.9007097372401983E-002   2.5022568144204431E-004
   8.3056128526930034E-002   2.6305502702303186E-004
   8.7312390400592632E-002   2.7654214722779220E-004
   9.1786417938888643E-002   2.9072076688296979E-004
   9.6489262468783060E-002   3.0562633992407237E-004
  0.10143251172812096        3.2129613804878019E-004
  0.10662830916718607        3.3776934391560625E-004
  0.11208937201314431        3.5508714912095514E-004
  0.11782900743880123        3.7329285719957305E-004
  0.12386112598996120        3.9243199190594328E-004
  0.13020025119241083        4.1255241104738840E-004
  0.13686152397069407        4.3370442615352006E-004
  0.14386070015595293        4.5594092828127276E-004
  0.15121413892825689        4.7931752027010011E-004
  0.15893877951961530        5.0389265577803933E-004
  0.16705210288903774        5.2972778544630892E-004
  0.17557207436727421        5.5688751055792270E-004
  0.18451706246208699        5.8543974457455370E-004
  0.19390572813617779        6.1545588295556586E-004
  0.20375687796418346        6.4701098168385731E-004
  0.21408927372239858        6.8018394494491767E-004
  0.22492139029363711        7.1505772242839722E-004
  0.23627111347156721        7.5171951674554347E-004
  0.24815536959106130        7.9026100148115765E-004
  0.26058968024008178        8.3077855042531460E-004
  0.27358763803618752        8.7337347855804333E-004
  0.28716030400879206        9.1815229538955785E-004
  0.30131553387820498        9.6522697128951845E-004
  0.31605724960976317        1.0147152174712880E-003
  0.33138468378188679        1.0667407803312853E-003
  0.34729163666045326        1.1214337508794439E-003
  0.36376579777843349        1.1789308900345072E-003
  0.38078819290911209        1.2393759705975700E-003
  0.39833282080705928        1.3029201367589826E-003
  0.41636653941356527        1.3697222820375622E-003
  0.43484924692165461        1.4399494465971686E-003
  0.45373437963362284        1.5137772349341312E-003
  0.47296971870352744        1.5913902549799734E-003
  0.49249846639131728        1.6729825797174112E-003
  0.51226052497191843        1.7587582324639136E-003
  0.53219389286676266        1.8489316970362831E-003
  0.55223608577452954        1.9437284540719313E-003
  0.57232549574467140        2.0433855448479393E-003
  0.59240261597867350        2.1481521640077357E-003
  0.61241107986996413        2.2582902826775234E-003
  0.63229848529521737        2.3740753035305698E-003
  0.65201699600286589        2.4957967494373626E-003
  0.67152372886033518        2.6237589874236107E-003
  0.69078094773928000        2.7582819897463712E-003
  0.70975609198335377        2.8997021339913802E-003
  0.72842167041543548        3.0483730441922545E-003
  0.74675505169733880        3.2046664750747969E-003
  0.76473817958149481        3.3689732416374760E-003
  0.78235723808800317        3.5417041963925170E-003
  0.79960228760036467        3.7232912567112192E-003
  0.81646688879146323        3.9141884848423909E-003
  0.83294772748010715        4.1148732233045127E-003
  0.84904425014885920        4.3258472884907112E-003
  0.86475831699631889        4.5476382254711597E-003
  0.88009387705527831        4.7808006271305818E-003
  0.89505666804647188        5.0259175209393754E-003
  0.90965394219971474        5.2836018268260206E-003
  0.92389421819625117        5.5544978897962031E-003
  0.93778705860478240        5.8392830911309966E-003
  0.95134287164052522        6.1386695421929514E-003
  0.96457273572059354        6.4534058650754763E-003
  0.97748824507658250        6.7842790645480664E-003
  0.99010137458079062        7.1321164959782185E-003
   1.0024243619172071        7.4977879341508622E-003
   1.0144696052595790        7.8822077481584280E-003
   1.0262495746889533        8.2863371877999296E-003
   1.0377767356787917        8.7111867872062161E-003
   1.0490634830872656        9.1578188917017453E-003
   1.0601220842166086        9.6273503142213189E-003
   1.0709646296235995        1.0120955127924229E-002
   1.0816029904902862        1.0639867601988791E-002
   1.0920487814881414        1.1185385287928279E-002
   1.1023133281912256        1.1758872264145679E-002
   1.1124076382145192        1.2361762546840304E-002
   1.1223423753728383        1.2995563675795354E-002
   1.1321278362743017        1.3661860484012717E-002
   1.1417739288808706        1.4362319060621114E-002
   1.1512901526876014        1.5098690916966851E-002
   1.1606855802920064        1.5872817366304654E-002
   1.1699688402449193        1.6686634128040025E-002
   1.1791481011932348        1.7542176168036182E-002
   1.1882310574406685        1.8441582787088833E-002
   1.1972249161620350        1.9387102970292634E-002
   1.2061363866051982        2.0381101010675536E-002
   1.2149716716975754        2.1426062421163048E-002
   1.2237364625349927        2.2524600149655367E-002
   1.2324359362637043        2.3679461112758350E-002
   1.2410747578657895        2.4893533064506049E-002
   1.2496570863194489        2.6169851817250164E-002
   1.2581865855264875        2.7511608832772438E-002
   1.2666664402799306        2.8922159202601699E-002
   1.2750993773892549        3.0405030037490541E-002
   1.2834876918969780        3.1963929287029631E-002
   1.2918332781199791        3.3602755011453371E-002
   1.3001376650466125        3.5325605128821179E-002
   1.3084020554329645        3.7136787661947425E-002
   1.3166273677851736        3.9040831510702784E-002
   1.3248142803044292        4.1042497776623207E-002
   1.3329632758181562        4.3146791668144099E-002
   1.3410746867306758        4.5358975016228840E-002
   1.3491487390987058        4.7684579431687385E-002
   1.3571855950644449        5.0129420137084955E-002
   1.3651853930490871        5.2699610507827926E-002
   1.3731482853058914        5.5401577358787119E-002
   1.3810744726360802        5.8242077014683001E-002
   1.3889642362650039        6.1228212204417223E-002
   1.3968179670450986        6.4367449821595049E-002
   1.4046361922853410        6.7667639595649295E-002
   1.4124196005984915        7.1137033720253137E-002
   1.4201690652070134        7.4784307488103385E-002
   1.4278856661602239        7.8618580983671582E-002
   1.4355707118963574        8.2649441888166322E-002
   1.4432257605429701        8.6886969453730950E-002
   1.4508526412968006        9.1341759706824774E-002
   1.4584534761681915        9.6024951943809222E-002
   1.4660307023217098       0.10094825658499168     
   1.4735870951975865       0.10612398445677694     
   1.4811257925591872       0.11156507757514651     
   1.4886503195788863       0.11728514150744071     
   1.4961646150451438       0.12329847939336487     
   1.5036730587422715       0.12962012771028983     
   1.5111805000146370       0.13626589387227869     
   1.5186922874704583       0.14325239575685672     
   1.5262142996963157       0.15059710325836245     
   1.5337529767287332       0.15831838197178444     
   1.5413153518465006       0.16643553911631614     
   1.5489090829845451       0.17496887181346230     
   1.5565424826980163       0.18393971784041632     
   1.5642245450857999       0.19337050898561925     
   1.5719649673666845       0.20328482713991677     
   1.5797741628258812       0.21370746326357135     
   1.5876632605356602       0.22466447937657763     
   1.5956440855058631       0.23618327372728970     
   1.6037291106274547       0.24829264930231493     
   1.6119313688177765       0.26102288584898548     
   1.6202643100544301       0.27440581559050098     
   1.6287415834400238       0.28847490282306965     
   1.6373767191333655       0.30326532759408176     
   1.6461826792030505       0.31881407367055542     
   1.6551712408872090       0.33516002101782094     
   1.6643521716950949       0.35234404301968869     
   1.6737321553345601       0.37040910868320143     
   1.6833134343457212       0.38940039008353694     
   1.6930921500783886       0.40936537531772832     
   1.7030564082257469       0.43035398724964558     
   1.7131840491563466       0.45241870834316256     
   1.7234407467595838       0.47561471189565774     
   1.7337754788541873       0.50000000000000000     
   1.7436274792282564       0.52438528810434226     
   1.7525298271535523       0.54758129165683744     
   1.7605537235916788       0.56964601275035442     
   1.7677645255602326       0.59063462468227168     
   1.7742236831635134       0.61059960991646300     
   1.7799875454838539       0.62959089131679857     
   1.7851065382700595       0.64765595698031131     
   1.7896242832715739       0.66483997898217906     
   1.7935765912165897       0.68118592632944464     
   1.7969904470802167       0.69673467240591824     
   1.7998802152323037       0.71152509717693035     
   1.8022521421977746       0.72559418440949908     
   1.8040426389849376       0.73897711415101452     
   1.8053732377338472       0.75170735069768513     
   1.8048218395401017       0.76381672627271024     
   1.8034284111214440       0.77533552062342237     
   1.8016897571086308       0.78629253673642863     
   1.7996637290112052       0.79671517286008320     
   1.7974186704535087       0.80662949101438075     
   1.7949933274690215       0.81606028215958371     
   1.7924161851630378       0.82503112818653768     
   1.7897080515627144       0.83356446088368386     
   1.7868847690048222       0.84168161802821562     
   1.7839586386680111       0.84940289674163760     
   1.7809393870988790       0.85674760424314322     
   1.7778348179784473       0.86373410612772128     
   1.7746512738476037       0.87037987228971014     
   1.7713939712129927       0.87670152060663509     
   1.7680672491095164       0.88271485849255926     
   1.7646747563264984       0.88843492242485345     
   1.7612195939310482       0.89387601554322305     
   1.7577044243432081       0.89905174341500826     
   1.7541315547678400       0.90397504805619078     
   1.7505030005103448       0.90865824029317521     
   1.7468205321738783       0.91311303054626902     
   1.7430857097002357       0.91735055811183364     
   1.7392999055171336       0.92138141901632842     
   1.7354643185883041       0.92521569251189661     
   1.7315799808589805       0.92886296627974685     
   1.7276477573968139       0.93233236040435075     
   1.7236683414081722       0.93563255017840496     
   1.7196422452318971       0.93877178779558279     
   1.7155697883535344       0.94175792298531702     
   1.7114510834253924       0.94459842264121285     
   1.7072860212097982       0.94730038949217221     
   1.7030742552781741       0.94987057986291512     
   1.6988151871954071       0.95231542056831264     
   1.6945079527997249       0.95464102498377112     
   1.6901514100581319       0.95685320833185594     
   1.6857441288433626       0.95895750222337683     
   1.6812843828476833       0.96095916848929708     
   1.6767701437288323       0.96286321233805272     
   1.6721990774795890       0.96467439487117879     
   1.6675685429290541       0.96639724498854673     
   1.6628755922228757       0.96803607071297026     
   1.6581169730917649       0.96959496996250949     
   1.6532891327017099       0.97107784079739823     
   1.6483882228830296       0.97248839116722752     
   1.6434101065560942       0.97383014818274971     
   1.6383503652058697       0.97510646693549385     
   1.6332043073024503       0.97632053888724157     
   1.6279669776174568       0.97747539985034460     
   1.6226331674443781       0.97857393757883682     
   1.6171974257925750       0.97961889898932453     
   1.6116540716885690       0.98061289702970722     
   1.6059972077834377       0.98155841721291104     
   1.6002207355312923       0.98245782383196367     
   1.5943183722707006       0.98331336587195994     
   1.5882836706087735       0.98412718263369536     
   1.5821100405765236       0.98490130908303319     
   1.5757907750943199       0.98563768093937898     
   1.5693190793577887       0.98633813951598737     
   1.5626881048271648       0.98700443632420465     
   1.5558909885762360       0.98763823745315982     
   1.5489208988294125       0.98824112773585449     
   1.5417710875851158       0.98881461471207166     
   1.5344349512875619       0.98936013239801113     
   1.5269061005628424       0.98987904487207579     
   1.5191784400727870       0.99037264968577876     
   1.5112462595536278       0.99084218110829825     
   1.5031043370851302       0.99128881321279372     
   1.4947480555660080       0.99171366281220019     
   1.4861735332359352       0.99211779225184160     
   1.4773777688617769       0.99250221206584910     
   1.4683588018703062       0.99286788350402166     
   1.4591158872311993       0.99321572093545185     
   1.4496496842385056       0.99354659413492452     
   1.4399624574696737       0.99386133045780700     
   1.4300582870823668       0.99416071690886887     
   1.4199432842106989       0.99444550211020388     
   1.4096258055273645       0.99471639817317414     
   1.3991166590558155       0.99497408247906072     
   1.3884292910981542       0.99521919937286940     
   1.3775799418032786       0.99545236177452889     
   1.3665877546354304       0.99567415271150927     
   1.3554748231214575       0.99588512677669550     
   1.3442661571816799       0.99608581151515752     
   1.3329895516150210       0.99627670874328877     
   1.3216753415065978       0.99645829580360745     
   1.3103560339968778       0.99663102675836246     
   1.2990658133287019       0.99679533352492511     
   1.2878399262804003       0.99695162695580763     
   1.2767139672836871       0.99710029786600873     
   1.2657230952685365       0.99724171801025352     
   1.2549012254932499       0.99737624101257638     
   1.2442802469621579       0.99750420325056266     
   1.2338893174915018       0.99762592469646938     
   1.2237542830524080       0.99774170971732234     
   1.2138972561523480       0.99785184783599223     
   1.2043363716664686       0.99795661445515194     
   1.1950857206506140       0.99805627154592791     
   1.1861554463958415       0.99815106830296363     
   1.1775519747903929       0.99824124176753604     
   1.1692783442138877       0.99832701742028274     
   1.1613345986785459       0.99840860974501988     
   1.1537182107408035       0.99848622276506593     
   1.1464245063218224       0.99856005055340291     
   1.1394470704473991       0.99863027771796242     
   1.1327781198008204       0.99869707986324097     
   1.1264088340450427       0.99876062402940258     
   1.1203296427084344       0.99882106910996549     
   1.1145304679512582       0.99887856624912053     
   1.1090009258583016       0.99893325921966869     
   1.1037304902512215       0.99898528478252879     
   1.0987086236287251       0.99903477302871035     
   1.0939248799473484       0.99908184770461039     
   1.0893689837358091       0.99912662652144191     
   1.0850308896314966       0.99916922144957465     
   1.0809008259401927       0.99920973899851873     
   1.0769693253122952       0.99924828048325443     
   1.0732272451437117       0.99928494227757148     
   1.0696657798670113       0.99931981605505504     
   1.0662764669098954       0.99935298901831604     
   1.0630511877636706       0.99938454411704447     
   1.0599821653243040       0.99941456025542541     
   1.0570619584341838       0.99944311248944206     
   1.0542834543626891       0.99947027221455365     
   1.0516398598067398       0.99949610734422201     
   1.0491246908679197       0.99952068247972981     
   1.0467317623612862       0.99954405907171873     
   1.0444551767312560       0.99956629557384657     
   1.0422893127856514       0.99958744758895257     
   1.0402288144086342       0.99960756800809403     
   1.0382685793739672       0.99962670714280044     
   1.0364037483479847       0.99964491285087897     
   1.0346296941479680       0.99966223065608451     
   1.0329420113024901       0.99967870386195135     
   1.0313365059450277       0.99969437366007596     
   1.0298091860615197       0.99970927923311703     
   1.0283562521032608       0.99972345785277206     
   1.0269740879700269       0.99973694497297694     
   1.0256592523633763       0.99974977431855794     
   1.0244084705059986       0.99976197796956257     
   1.0232186262206884       0.99977358644147585     
   1.0220867543600551       0.99978462876152507     
   1.0210100335768590       0.99979513254126262     
   1.0199857794238634       0.99980512404561028     
   1.0190114377717929       0.99981462825853373     
   1.0180845785328880       0.99982366894551644     
   1.0172028896784195       0.99983226871298536     
   1.0163641715376448       0.99984044906484004     
   1.0155663313668035       0.99984823045622095     
   1.0148073781756646       0.99985563234466057     
   1.0140854178009837       0.99986267323873590     
   1.0133986482152153       0.99986937074435012     
   1.0127453550600463       0.99987574160875647     
   1.0121239073943851       0.99988180176243480     
   1.0115327536467704       0.99988756635892617     
   1.0109704177626009       0.99989304981272520     
   1.0104354955373716       0.99989826583532271     
   1.0099266511265963       0.99990322746949289     
   1.0094426137246730       0.99990794712190545     
   1.0089821744039580       0.99991243659415030     
   1.0085441831070834       0.99991670711224712     
   1.0081275457847934       0.99992076935471552     
   1.0077312216723673       0.99992463347927807     
   1.0073542206980932       0.99992830914825914     
   1.0069956010173899       0.99993180555274597     
   1.0066544666665360       0.99993513143557144     
   1.0063299653302280       0.99993829511317511     
   1.0060212862175260       0.99994130449639906     
   1.0057276580408949       0.99994416711026912     
   1.0054483470933464       0.99994689011281146     
   1.0051826554191678       0.99994948031295061     
   1.0049299190732490       0.99995194418753652     
   1.0046895064652899       0.99995428789753893     
   1.0044608167842113       0.99995651730345436     
   1.0042432784994739       0.99995863797995865     
   1.0040363479349779       0.99996065522984789     
   1.0038395079124958       0.99996257409729761     
   1.0036522664609970       0.99996439938047621     
   1.0034741555888511       0.99996613564354242     
   1.0033047301156217       0.99996778722805857     
   1.0031435665609110       0.99996935826384603     
   1.0029902620870246       0.99997085267931285     
   1.0028444334933251       0.99997227421127632     
   1.0027057162593753       0.99997362641430676     
   1.0025737636347412       0.99997491266961658     
   1.0024482457731800       0.99997613619351333     
   1.0023288489086850       0.99997730004544483     
   1.0022152745720208       0.99997840713564734     
   1.0021072388452781       0.99997946023242235     
   1.0020044716525236       0.99998046196906076     
   1.0019067160852739       0.99998141485042646     
   1.0018137277608055       0.99998232125921860     
   1.0017252742114471       0.99998318346193193     
   1.0016411343040046       0.99998400361452200     
   1.0015610976871188       0.99998478376779776     
   1.0014849642658346       0.99998552587254852     
   1.0014125437015071       0.99998623178442314     
   1.0013436549363408       0.99998690326856887     
   1.0012781257408561       0.99998754200404594     
   1.0012157922835836       0.99998814958802562     
   1.0011564987216022       0.99998872753978441     
   1.0011000968110879       0.99998927730450304     
   1.0010464455368824       0.99998980025687967     
   1.0009954107600456       0.99999029770456749     
   1.0009468648825821       0.99999077089144495     
   1.0009006865286025       0.99999122100072579     
   1.0008567602408924       0.99999164915791749     
   1.0008149761923466       0.99999205643363642     
   1.0007752299115404       0.99999244384628361     
   1.0007374220214473       0.99999281236459303     
   1.0007014579912137       0.99999316291005214     
   1.0006672478997449       0.99999349635920709     
   1.0006347062109748       0.99999381354585470     
   1.0006037515600599       0.99999411526312654     
   1.0005743065499222       0.99999440226547365     
   1.0005462975579444       0.99999467527055053     
   1.0005196545516972       0.99999493496101255     
   1.0004943109140212       0.99999518198622117     
   1.0004702032764750       0.99999541696386796     
   1.0004472713608665       0.99999564048151945     
   1.0004254578285905       0.99999585309808636     
   1.0004047081372940       0.99999605534522096     
   1.0003849704045096       0.99999624772864615     
   1.0003661952779688       0.99999643072942079     
   1.0003483358121497       0.99999660480514230     
   1.0003313473510114       0.99999677039109047     
   1.0003151874162715       0.99999692790131656     
   1.0002998156012228       0.99999707772967816     
   1.0002851934697292       0.99999722025082427     
   1.0002712844601147       0.99999735582113214     
   1.0002580537938170       0.99999748477959749     
   1.0002454683882487       0.99999760744868460     
   1.0002334967743154       0.99999772413512955     
   1.0002221090176213       0.99999783513070928     
   1.0002112766436004       0.99999794071297055     
   1.0002009725663574       0.99999804114592428     
   1.0001911710209812       0.99999813668070503     
   1.0001818474990911       0.99999822755619938     
   1.0001729786875146       0.99999831399964356     
   1.0001645424101104       0.99999839622719089     
   1.0001565175721800       0.99999847444445356     
   1.0001488841078363       0.99999854884701533     
   1.0001416229298066       0.99999861962092118     
   1.0001347158816547       0.99999868694314298     
   1.0001281456924798       0.99999875098202107     
   1.0001218959336244       0.99999881189768614     
   1.0001159509776449       0.99999886984245945     
   1.0001102959593113       0.99999892496123244     
   1.0001049167382872       0.99999897739183130     
   1.0000997998639045       0.99999902726535972     
   1.0000949325414907       0.99999907470652705     
   1.0000903026003114       0.99999911983396150     
   1.0000858984632206       0.99999916276050516     
   1.0000817091177316       0.99999920359349648     
   1.0000777240883849       0.99999924243503924     
   1.0000739334106441       0.99999927938225741     
   1.0000703276058958       0.99999931452753865     
   1.0000668976578491       0.99999934795876422     
   1.0000636349899061       0.99999937975952968     
   1.0000605314437838       0.99999941000935333     
   1.0000575792590216       0.99999943878387587     
   1.0000547710536944       0.99999946615504820     
   1.0000520998058611       0.99999949219131279     
   1.0000495588360696       0.99999951695777378     
   1.0000471417905943       0.99999954051636009     
   1.0000448426256030       0.99999956292598069     
   1.0000426555920332       0.99999958424267099     
   1.0000405752211401       0.99999960451973446     
   1.0000385963110119       0.99999962380787333     
   1.0000367139133055       0.99999964215531889     
   1.0000349233210988       0.99999965960794879     
   1.0000332200569826       0.99999967620940400     
   1.0000315998619316       0.99999969200119654     
   1.0000300586846442       0.99999970702281427     
   1.0000285926713621       0.99999972131181902     
   1.0000271981562916       0.99999973490394112     
   1.0000258716524790       0.99999974783316725     
   1.0000246098429650       0.99999976013182745     
   1.0000234095725444       0.99999977183067523     
   1.0000222678399773       0.99999978295896319     
   1.0000211817902891       0.99999979354451840     
   1.0000201487078444       0.99999980361380980     
   1.0000191660093798       0.99999981319201614     
   1.0000182312376609       0.99999982230308782     
   1.0000173420552492       0.99999983096980727     
   1.0000164962387608       0.99999983921384583     
   1.0000156916731955       0.99999984705581790     
   1.0000149263467366       0.99999985451533235     
   1.0000141983456601       0.99999986161104215     
   1.0000135058495876       0.99999986836069021     
   1.0000128471269578       0.99999987478115371     
   1.0000122205305808       0.99999988088848768     
   1.0000116244936694       0.99999988669796325     
   1.0000110575257839       0.99999989222410768     
   1.0000105182092496       0.99999989748073870     
   1.0000100051954905       0.99999990248100068     
   1.0000095172016641       0.99999990723739740     
   1.0000090530076187       0.99999991176182135     
   1.0000086114525284       0.99999991606558714     
   1.0000081914323482       0.99999992015945549     
   1.0000077918968138       0.99999992405366323     
   1.0000074118468112       0.99999992775794866     
   1.0000070503320897       0.99999993128157372     
   1.0000067064486284       0.99999993463334969     
   1.0000063793365679       0.99999993782165741     
   1.0000060681779426       0.99999994085446964     
   1.0000057721946765       0.99999994373937007     
   1.0000054906467049       0.99999994648357204     
   1.0000052228299896       0.99999994909393775     
   1.0000049680748375       0.99999995157699439     
   1.0000047257442595       0.99999995393895080     
   1.0000044952322671       0.99999995618571336     
   1.0000042759624708       0.99999995832290012     
   1.0000040673865691       0.99999996035585514     
   1.0000038689830535       0.99999996228966159     
   1.0000036802558079       0.99999996412915504     
   1.0000035007328771       0.99999996587893547     
   1.0000033299653690       0.99999996754337828     
   1.0000031675263299       0.99999996912664479     
   1.0000030130094955       0.99999997063269497     
   1.0000028660285558       0.99999997206529401     
   1.0000027262159492       0.99999997342802438     
   1.0000025932220833       0.99999997472429369     
   1.0000024667144083       0.99999997595734313     
   1.0000023463765984       0.99999997713025590     
   1.0000022319077302       0.99999997824596509     
   1.0000021230215719       0.99999997930726048     
   1.0000020194458275       0.99999998031679616     
   1.0000019209215547       0.99999998127709600     
   1.0000018272023676       0.99999998219056141     
   1.0000017380539177       0.99999998305947668     
   1.0000016532532898       0.99999998388601430     
   1.0000015725884202       0.99999998467224149     
   1.0000014958576438       0.99999998542012369     
   1.0000014228690466       0.99999998613153152     
   1.0000013534401844       0.99999998680824309     
   1.0000012873973725       0.99999998745195151     
   1.0000012245755119       0.99999998806426571     
   1.0000011648175287       0.99999998864671691     
   1.0000011079739641       0.99999998920076172     
   1.0000010539026947       0.99999998972778548     
   1.0000010024685002       0.99999999022910602     
   1.0000009535428054       0.99999999070597667     
   1.0000009070032256       0.99999999115959026     
   1.0000008627333954       0.99999999159108099     
   1.0000008206226667       0.99999999200152723     
   1.0000007805656761       0.99999999239195614     
   1.0000007424623030       0.99999999276334339     
   1.0000007062172371       0.99999999311661802     
   1.0000006717398717       0.99999999345266322     
   1.0000006389439795       0.99999999377231930     
   1.0000006077475820       0.99999999407638551     
   1.0000005780726282       0.99999999436562237     
   1.0000005498449493       0.99999999464075284     
   1.0000005229939581       0.99999999490246494     
   1.0000004974524981       0.99999999515141336     
   1.0000004731567125       0.99999999538822038     
   1.0000004500458513       0.99999999561347808     
   1.0000004280620984       0.99999999582775012     
   1.0000004071505295       0.99999999603157175     
   1.0000003872588070       0.99999999622545299     
   1.0000003683372272       0.99999999640987847     
   1.0000003503384589       0.99999999658530947     
   1.0000003332175220       0.99999999675218443     
   1.0000003169315723       0.99999999691092090     
   1.0000003014398797       0.99999999706191589     
   1.0000002867037421       0.99999999720554655     
   1.0000002726862911       0.99999999734217238     
   1.0000002593524917       0.99999999747213464     
   1.0000002466689701       0.99999999759575886     
   1.0000002346040360       0.99999999771335368     
   1.0000002231275302       0.99999999782521332     
   1.0000002122107174       0.99999999793161765     
   1.0000002018263290       0.99999999803283257     
   1.0000001919484123       0.99999999812911100     
   1.0000001825522231       0.99999999822069408     
   1.0000001736143111       0.99999999830781050     
   1.0000001651122841       0.99999999839067832     
   1.0000001570249137       0.99999999846950460     
   1.0000001493319866       0.99999999854448629     
   1.0000001420142373       0.99999999861581113     
   1.0000001350533718       0.99999999868365752     
   1.0000001284320019       0.99999999874819490     
   1.0000001221335604       0.99999999880958479     
   1.0000001161422984       0.99999999886798063     
   1.0000001104432226       0.99999999892352864     
   1.0000001050220946       0.99999999897636738     
   1.0000000998653662       0.99999999902662917     
   1.0000000949601155       0.99999999907443982     
   1.0000000902941104       0.99999999911991866     
   1.0000000858556797       0.99999999916317928     
   1.0000000816337138       0.99999999920433003     
   1.0000000776176201       0.99999999924347427     
   1.0000000737974317       0.99999999928070904     
   1.0000000701635490       0.99999999931612782     
   1.0000000667068891       0.99999999934981931     
   1.0000000634188015       0.99999999938186779     
   1.0000000602910883       0.99999999941235307     
   1.0000000573158971       0.99999999944135176     
   1.0000000544858281       0.99999999946893592     
   1.0000000517937839       0.99999999949517482     
   1.0000000492330336       0.99999999952013408     
   1.0000000467971704       0.99999999954387597     
   1.0000000444800885       0.99999999956646024     
   1.0000000422760278       0.99999999958794283     
   1.0000000401794660       0.99999999960837771     
   1.0000000381851393       0.99999999962781605     
   1.0000000362880859       0.99999999964630626     
   1.0000000344835380       0.99999999966389486     
   1.0000000327670084       0.99999999968062558     
   1.0000000311342043       0.99999999969654030     
   1.0000000295810263       0.99999999971167886     
   1.0000000281035915       0.99999999972607923     
   1.0000000266982323       0.99999999973977693     
   1.0000000253613894       0.99999999975280696     
   1.0000000240897622       0.99999999976520126     
   1.0000000228801358       0.99999999977699128     
   1.0000000217295124       0.99999999978820620     
   1.0000000206350004       0.99999999979887422     
   1.0000000195938819       0.99999999980902188     
   1.0000000186035463       0.99999999981867449     
   1.0000000176614909       0.99999999982785659     
   1.0000000167653866       0.99999999983659071     
   1.0000000159129678       0.99999999984489907     
   1.0000000151021418       0.99999999985280208     
   1.0000000143308594       0.99999999986031962     
   1.0000000135972003       0.99999999986747046     
   1.0000000128993096       0.99999999987427268     
   1.0000000122354393       0.99999999988074328     
   1.0000000116039722       0.99999999988689814     
   1.0000000110032898       0.99999999989275290     
   1.0000000104319040       0.99999999989832211     
   1.0000000098883908       0.99999999990361965     
   1.0000000093713910       0.99999999990865873     
   1.0000000088795886       0.99999999991345223     
   1.0000000084117968       0.99999999991801169     
   1.0000000079667861       0.99999999992234911     
   1.0000000075434996       0.99999999992647481     
   1.0000000071408583       0.99999999993039934     
   1.0000000067578489       0.99999999993413247     
   1.0000000063935219       0.99999999993768351     
   1.0000000060469496       0.99999999994106148     
   1.0000000057172906       0.99999999994427458     
   1.0000000054037035       0.99999999994733102     
   1.0000000051054116       0.99999999995023847     
   1.0000000048216817       0.99999999995300393     
   1.0000000045517805       0.99999999995563460     
   1.0000000042950390       0.99999999995813704     
   1.0000000040508314       0.99999999996051725     
   1.0000000038185319       0.99999999996278144     
   1.0000000035975369       0.99999999996493549     
   1.0000000033873504       0.99999999996698408     
   1.0000000031873892       0.99999999996893307     
   1.0000000029972005       0.99999999997078681     
   1.0000000028162666       0.99999999997255040     
   1.0000000026441773       0.99999999997422773     
   1.0000000024804803       0.99999999997582323     
   1.0000000023247653       0.99999999997734090     
   1.0000000021766440       0.99999999997878464     
   1.0000000020357278       0.99999999998015809     
   1.0000000019016937       0.99999999998146449     
   1.0000000017741961       0.99999999998270728     
   1.0000000016529336       0.99999999998388911     
   1.0000000015375823       0.99999999998501343     
   1.0000000014278403       0.99999999998608313     
   1.0000000013234485       0.99999999998710054     
   1.0000000012241697       0.99999999998806821     
   1.0000000011297234       0.99999999998898881     
   1.0000000010398722       0.99999999998986455     
   1.0000000009544217       0.99999999999069744     
   1.0000000008731131       0.99999999999148992     
   1.0000000007957954       0.99999999999224354     
   1.0000000007222312       0.99999999999296063     
   1.0000000006522696       0.99999999999364253     
   1.0000000005857164       0.99999999999429123     
   1.0000000005223992       0.99999999999490830     
   1.0000000004621887       0.99999999999549516     
   1.0000000004048906       0.99999999999605371     
   1.0000000003503968       0.99999999999658484     
   1.0000000002985570       0.99999999999709011     
   1.0000000002492626       0.99999999999757050     
   1.0000000002023632       0.99999999999802769     
   1.0000000001577505       0.99999999999846256     
   1.0000000001152953       0.99999999999887634     
   1.0000000000749325       0.99999999999926970     
   1.0000000000365330       0.99999999999964406     
