   1.0985872419182264E-011   3.5602492699691204E-013
   2.2535002570547854E-011   7.3030364261700754E-013
   3.4676269296009362E-011   1.1237720386303144E-012
   4.7440032087388735E-011   1.5374139910047252E-012
   6.0858207000962944E-011   1.9722638201084793E-012
   7.4964346464231305E-011   2.4294088770499111E-012
   8.9793723174463201E-011   2.9099922626216698E-012
   1.0538341829881707E-010   3.4152156856482169E-012
   1.2177241419657523E-010   3.9463424678839018E-012
   1.3900169189535047E-010   4.5047007029754898E-012
   1.5711433356500383E-010   5.0916865773881445E-012
   1.7615563024551327E-010   5.7087678615989351E-012
   1.9617319509816788E-010   6.3574875802876729E-012
   2.1721708246327510E-010   7.0394678707024426E-012
   2.3933991302208776E-010   7.7564140388477833E-012
   2.6259700537591967E-010   8.5101188236380793E-012
   2.8704651437146737E-010   9.3024668796787753E-012
   3.1274957651822250E-010   1.0135439489884700E-011
   3.3977046286159492E-010   1.1011119519719513E-011
   3.6817673969400844E-010   1.1931696625444431E-011
   3.9803943750582995E-010   1.2899472729399580E-011
   4.2943322859859971E-010   1.3916867776009048E-011
   4.6243661380468496E-010   1.4986425782902603E-011
   4.9713211878025669E-010   1.6110821202285082E-011
   5.3360650036242133E-010   1.7292865608460173E-011
   5.7195096350651013E-010   1.8535514728230854E-011
   6.1226138934597993E-010   1.9841875831756194E-011
   6.5463857494519731E-010   2.1215215502345486E-011
   6.9918848534460904E-010   2.2658967804618260E-011
   7.4602251852854664E-010   2.4176742871454803E-011
   7.9525778397821849E-010   2.5772335931209052E-011
   8.4701739550642377E-010   2.7449736797756637E-011
   9.0143077910621875E-010   2.9213139847108044E-011
   9.5863399658332413E-010   3.1066954505533727E-011
   1.0187700857815220E-009   3.3015816275426860E-011
   1.0819894182517794E-009   3.5064598326474182E-011
   1.1484500752594646E-009   3.7218423681118950E-011
   1.2183182430698608E-009   3.9482678024785837E-011
   1.2917686285004048E-009   4.1863023172900198E-011
   1.3689848957787452E-009   4.4365411228376145E-011
   1.4501601257989904E-009   4.6996099464974639E-011
   1.5354972989245307E-009   4.9761665973747546E-011
   1.6252098025446883E-009   5.2669026111692212E-011
   1.7195219646543577E-009   5.5725449793746458E-011
   1.8186696147908537E-009   5.8938579671363236E-011
   1.9229006737306118E-009   6.2316450243120690E-011
   2.0324757734202855E-009   6.5867507945154213E-011
   2.1476689086923861E-009   6.9600632271646915E-011
   2.2687681223951049E-009   7.3525157978190892E-011
   2.3960762256494893E-009   7.7650898423539195E-011
   2.5299115550349926E-009   8.1988170108114919E-011
   2.6706087685967644E-009   8.6547818470636735E-011
   2.8185196826651008E-009   9.1341245007365558E-011
   2.9740141515795529E-009   9.6380435781784908E-011
   3.1374809925174496E-009   1.0167799139600365E-010
   3.3093289577393957E-009   1.0724715849882572E-010
   3.4899877566828600E-009   1.1310186290927285E-010
   3.6799091304596328E-009   1.1925674443838687E-010
   3.8795679814439370E-009   1.2572719349638397E-010
   4.0894635607757711E-009   1.3252938957669785E-010
   4.3101207167488314E-009   1.3968034171314199E-010
   4.5420912072046765E-009   1.4719793101135512E-010
   4.7859550792147689E-009   1.5510095536088052E-010
   5.0423221195003287E-009   1.6340917643968260E-010
   5.3118333792168064E-009   1.7214336912863673E-010
   5.5951627769157263E-009   1.8132537345955412E-010
   5.8930187836921487E-009   1.9097814922663894E-010
   6.2061461947314804E-009   2.0112583339793472E-010
   6.5353279916854450E-009   2.1179380047031874E-010
   6.8813873005341055E-009   2.2300872591896294E-010
   7.2451894498296212E-009   2.3479865289991872E-010
   7.6276441344684222E-009   2.4719306237261589E-010
   8.0297076904023599E-009   2.6022294681761963E-010
   8.4523854859767928E-009   2.7392088773397744E-010
   8.8967344358751920E-009   2.8832113710993987E-010
   9.3638656439564577E-009   3.0345970307077522E-010
   9.8549471815933910E-009   3.1937443991784073E-010
   1.0371207008459635E-008   3.3610514278405652E-010
   1.0913936043068569E-008   3.5369364714246913E-010
   1.1484491390742102E-008   3.7218393341672844E-010
   1.2084299737080949E-008   3.9162223695505820E-010
   1.2714860915421878E-008   4.1205716364271326E-010
   1.3377751657202396E-008   4.3353981144201390E-010
   1.4074629534610730E-008   4.5612389816387113E-010
   1.4807237105379822E-008   4.7986589579029832E-010
   1.5577406270089443E-008   5.0482517168378558E-010
   1.6387062852871978E-008   5.3106413703663307E-010
   1.7238231416976009E-008   5.5864840293144551E-010
   1.8133040327229140E-008   5.8764694440301834E-010
   1.9073727072058851E-008   6.1813227291185763E-010
   2.0062643858379163E-008   6.5018061766060615E-010
   2.1102263493333357E-008   6.8387211620676206E-010
   2.2195185567599981E-008   7.1929101484831966E-010
   2.3344142955723857E-008   7.5652587928340333E-010
   2.4552008649726118E-008   7.9566981607065100E-010
   2.5821802943080929E-008   8.3682070544411425E-010
   2.7156700983022644E-008   8.8008144606483534E-010
   2.8560040710067933E-008   9.2556021232110371E-010
   3.0035331204606036E-008   9.7337072482078154E-010
   3.1586261461427792E-008   1.0236325347520656E-009
   3.3216709614134332E-008   1.0764713228237378E-009
   3.4930752632491463E-008   1.1320192135324115E-009
   3.6732676516977981E-008   1.1904151055426029E-009
   3.8626987016019608E-008   1.2518050190057514E-009
   4.0618420892707467E-008   1.3163424606866691E-009
   4.2711957769173264E-008   1.3841888078104207E-009
   4.4912832578238893E-008   1.4555137115894563E-009
   4.7226548653475541E-008   1.5304955214400236E-009
   4.9658891490404604E-008   1.6093217309486178E-009
   5.2215943213250551E-008   1.6921894467036254E-009
   5.4904097783419828E-008   1.7793058811644755E-009
   5.7730076987735422E-008   1.8708888708007382E-009
   6.0700947246405605E-008   1.9671674207967793E-009
   6.3824137282755675E-008   2.0683822776840222E-009
   6.7107456698906373E-008   2.1747865313326940E-009
   7.0559115503847474E-008   2.2866462478083471E-009
   7.4187744642737388E-008   2.4042411346756337E-009
   7.8002417578762356E-008   2.5278652404129275E-009
   8.2012672981521102E-008   2.6578276896867074E-009
   8.6228538578668269E-008   2.7944534563242618E-009
   9.0660556230457228E-008   2.9380841759175513E-009
   9.5319808289882733E-008   3.0890790000901663E-009
   1.0021794531433660E-007   3.2478154945634839E-009
   1.0536721519807069E-007   3.4146905832676666E-009
   1.1078049379831305E-007   3.5901215408582655E-009
   1.1647131713161863E-007   3.7745470361202380E-009
   1.2245391522096247E-007   3.9684282288684367E-009
   1.2874324767820994E-007   4.1722499230873846E-009
   1.3535504111093990E-007   4.3865217791938008E-009
   1.4230582844715652E-007   4.6117795884531503E-009
   1.4961299027622181E-007   4.8485866127369228E-009
   1.5729479830938367E-007   5.0975349929707484E-009
   1.6537046106857278E-007   5.3592472297951892E-009
   1.7386017191771380E-007   5.6343777401416274E-009
   1.8278515955665534E-007   5.9236144936155216E-009
   1.9216774110397850E-007   6.2276807327788114E-009
   2.0203137790141933E-007   6.5473367816330994E-009
   2.1240073417944566E-007   6.8833819468257478E-009
   2.2330173873068188E-007   7.2366565163328957E-009
   2.3476164974539833E-007   7.6080438606171487E-009
   2.4680912297118708E-007   7.9984726415139268E-009
   2.5947428336725904E-007   8.4089191343698426E-009
   2.7278880043253609E-007   8.8404096692396627E-009
   2.8678596739589576E-007   9.2940231972461018E-009
   3.0150078446658845E-007   9.7708939885197253E-009
   3.1697004635299370E-007   1.0272214468465162E-008
   3.3323243426855917E-007   1.0799238199445820E-008
   3.5032861265498552E-007   1.1353283015342832E-008
   3.6830133086451474E-007   1.1935734316826298E-008
   3.8719553005558110E-007   1.2548048535578672E-008
   4.0705845556911958E-007   1.3191756776132711E-008
   4.2793977506653035E-007   1.3868468644430426E-008
   4.4989170272470704E-007   1.4579876272676473E-008
   4.7296912979867943E-007   1.5327758550550173E-008
   4.9722976187834780E-007   1.6113985573356443E-008
   5.2273426318251853E-007   1.6940523318238265E-008
   5.4954640825105441E-007   1.7809438560143743E-008
   5.7773324141444769E-007   1.8722904039840133E-008
   6.0736524443957381E-007   1.9683203896897684E-008
   6.3851651277082548E-007   2.0692739381228484E-008
   6.7126494080732332E-007   2.1754034857462148E-008
   7.0569241667949437E-007   2.2869744117172493E-008
   7.4188502701205618E-007   2.4042657014738964E-008
   7.7993327218542645E-007   2.5275706443435935E-008
   8.1993229263382069E-007   2.6571975669193827E-008
   8.6198210674590045E-007   2.7934706040370140E-008
   9.0618786096285052E-007   2.9367305092808939E-008
   9.5266009269925743E-007   3.0873355070455623E-008
   1.0015150067442301E-006   3.2456621882832959E-008
   1.0528747658339109E-006   3.4121064521776768E-008
   1.1068677961219558E-006   3.5870844960977911E-008
   1.1636291083118236E-006   3.7710338563084753E-008
   1.2233006352538658E-006   3.9644145020389086E-008
   1.2860315868513967E-006   4.1677099856453123E-008
   1.3519788231631784E-006   4.3814286517437422E-008
   1.4213072466352875E-006   4.6061049083364576E-008
   1.4941902144431347E-006   4.8423005631103213E-008
   1.5708099719747152E-006   5.0906062282486963E-008
   1.6513581085390184E-006   5.3516427972695819E-008
   1.7360360364391085E-006   5.6260629975828622E-008
   1.8250554946078112E-006   5.9145530226488737E-008
   1.9186390780653476E-006   6.2178342478195282E-008
   2.0170207945228495E-006   6.5366650341524948E-008
   2.1204466495235407E-006   6.8718426247089097E-008
   2.2291752615847540E-006   7.2242051380763550E-008
   2.3434785088789517E-006   7.5946336641019511E-008
   2.4636422090707922E-006   7.9840544670759773E-008
   2.5899668340101859E-006   8.3934413018751289E-008
   2.7227682610684576E-006   8.8238178488570003E-008
   2.8623785629963245E-006   9.2762602735942532E-008
   3.0091468382787725E-006   9.7518999178491929E-008
   3.1634400840631258E-006   1.0251926128517532E-007
   3.3256441138431106E-006   1.0777589231615236E-007
   3.4961645221935724E-006   1.1330203658744914E-007
   3.6754276989682106E-006   1.1911151233859577E-007
   3.8638818954963423E-006   1.2521884628542393E-007
   4.0619983454447436E-006   1.3163930994442410E-007
   4.2702724431473012E-006   1.3838895781949250E-007
   4.4892249823489288E-006   1.4548466754655449E-007
   4.7194034584612346E-006   1.5294418209644671E-007
   4.9613834375862709E-006   1.6078615414158759E-007
   5.2157699957316270E-006   1.6903019269737520E-007
   5.4831992318156704E-006   1.7769691215494149E-007
   5.7643398582462100E-006   1.8680798382786889E-007
   6.0598948730498925E-006   1.9638619014176414E-007
   6.3706033177334879E-006   2.0645548160219077E-007
   6.6972421252726652E-006   2.1704103668341007E-007
   7.0406280628491763E-006   2.2816932478768349E-007
   7.4016197741943055E-006   2.3986817243256758E-007
   7.7811199266455056E-006   2.5216683283170415E-007
   8.1800774682849908E-006   2.6509605904309387E-007
   8.5994900008043041E-006   2.7868818086776215E-007
   9.0404062740282337E-006   2.9297718569110374E-007
   9.5039288083357377E-006   3.0799880346905233E-007
   9.9912166515352364E-006   3.2379059607158371E-007
   1.0503488277087956E-005   3.4039205120695876E-007
   1.1042024630926324E-005   3.5784468116156499E-007
   1.1608172334486145E-005   3.7619212660225887E-007
   1.2203347051961689E-005   3.9548026570076725E-007
   1.2829037030203672E-005   4.1575732885301698E-007
   1.3486806820111691E-005   4.3707401928025059E-007
   1.4178301188826525E-005   4.5948363981349325E-007
   1.4905249232504823E-005   4.8304222617839831E-007
   1.5669468699960305E-005   5.0780868711375387E-007
   1.6472870537982718E-005   5.3384495167401766E-007
   1.7317463669700315E-005   5.6121612408421536E-007
   1.8205360017934280E-005   5.8999064653442000E-007
   1.9138779786105901E-005   6.2024047032088071E-007
   2.0120057009901852E-005   6.5204123576174852E-007
   2.1151645393579228E-005   6.8547246133727443E-007
   2.2236124445504512E-005   7.2061774252743706E-007
   2.3376205928268254E-005   7.5756496084419074E-007
   2.4574740639504268E-005   7.9640650358102796E-007
   2.5834725540368830E-005   8.3723949482934194E-007
   2.7159311249504830E-005   8.8016603833925226E-007
   2.8551809921229741E-005   9.2529347283217143E-007
   3.0015703527646848E-005   9.7273464040352639E-007
   3.1554652565389410E-005   1.0226081686867817E-006
   3.3172505208769262E-005   1.0750387674843241E-006
   3.4873306932217228E-005   1.1301575406069348E-006
   3.6661310626076754E-005   1.1881023137016151E-006
   3.8540987231045299E-005   1.2490179788875053E-006
   4.0517036917855239E-005   1.3130568570616639E-006
   4.2594400840149171E-005   1.3803790787806608E-006
   4.4778273489938206E-005   1.4511529846703913E-006
   4.7074115686538078E-005   1.5255555463653363E-006
   4.9487668231462178E-005   1.6037728090298418E-006
   5.2024966263416118E-005   1.6860003565679526E-006
   5.4692354349288407E-005   1.7724438006850591E-006
   5.7496502348872969E-005   1.8633192950242770E-006
   6.0444422092993220E-005   1.9588540756631586E-006
   6.3543484916732024E-005   2.0592870293222670E-006
   6.6801440091609435E-005   2.1648692907064255E-006
   7.0226434202798514E-005   2.2758648704723076E-006
   7.3827031519832341E-005   2.3925513153926170E-006
   7.7612235411739230E-005   2.5152204023676070E-006
   8.1591510860155772E-005   2.6441788680193323E-006
   8.5774808126711568E-005   2.7797491756929983E-006
   9.0172587633867093E-005   2.9222703217833155E-006
   9.4795846121419026E-005   3.0720986834020812E-006
   9.9656144144078668E-005   3.2296089095066189E-006
   1.0476563497888106E-004   3.3951948577173425E-006
   1.1013709501470894E-004   3.5692705791669900E-006
   1.1578395569992085E-004   3.7522713538441549E-006
   1.2172033712796899E-004   3.9446547790200163E-006
   1.2796108334498890E-004   4.1469019134799048E-006
   1.3452179946764770E-004   4.3595184804208725E-006
   1.4141889070406547E-004   4.5830361320231437E-006
   1.4866960337538154E-004   4.8180137788575295E-006
   1.5629206804054215E-004   5.0650389874530202E-006
   1.6430534483214261E-004   5.3247294495192028E-006
   1.7272947111668840E-004   5.5977345264973192E-006
   1.8158551159845000E-004   5.8847368733021578E-006
   1.9089561099219695E-004   6.1864541453149700E-006
   2.0068304939652111E-004   6.5036407928957835E-006
   2.1097230050621125E-004   6.8370899479023402E-006
   2.2178909280923923E-004   7.1876354069329190E-006
   2.3316047392138306E-004   7.5561537162521990E-006
   2.4511487821935715E-004   7.9435663636135633E-006
   2.5768219794156675E-004   8.3508420824585249E-006
   2.7089385793427638E-004   8.7789992742550050E-006
   2.8478289423009560E-004   9.2291085550315267E-006
   2.9938403665527141E-004   9.7022954324750362E-006
   3.1473379567234516E-004   1.0199743120286448E-005
   3.3087055367532980E-004   1.0722695496831301E-005
   3.4783466096568886E-004   1.1272460215483662E-005
   3.6566853664911087E-004   1.1850411974440793E-005
   3.8441677470537066E-004   1.2457995954184793E-005
   4.0412625549650973E-004   1.3096731431186673E-005
   4.2484626299216206E-004   1.3768215576888993E-005
   4.4662860800515189E-004   1.4474127451466535E-005
   4.6952775774551485E-004   1.5216232202351437E-005
   4.9360097201689424E-004   1.5996385478021320E-005
   5.1890844639587849E-004   1.6816538068087207E-005
   5.4551346275229652E-004   1.7678740781283797E-005
   5.7348254748685419E-004   1.8585149573559687E-005
   6.0288563788178705E-004   1.9538030939090382E-005
   6.3379625698049065E-004   2.0539767577694470E-005
   6.6629169743342195E-004   2.1592864352824442E-005
   7.0045321476997640E-004   2.2699954555030231E-005
   7.3636623057962377E-004   2.3863806486557395E-005
   7.7412054611036200E-004   2.5087330383544916E-005
   8.1381056681858728E-004   2.6373585693131581E-005
   8.5553553843188170E-004   2.7725788723667710E-005
   8.9939979511498497E-004   2.9147320687161522E-005
   9.4551302035949961E-004   3.0641736154070665E-005
   9.9399052124968094E-004   3.2212771941580037E-005
   1.0449535167901154E-003   3.3864356457591512E-005
   1.0985294410162548E-003   3.5600619523790170E-005
   1.1548522616457236E-003   3.7425902702349971E-005
   1.2140628150671942E-003   3.9344770152100921E-005
   1.2763091585044509E-003   4.1362020041303837E-005
   1.3417469402362324E-003   4.3482696545570620E-005
   1.4105397887975634E-003   4.5712102460931082E-005
   1.4828597221357559E-003   4.8055812463585456E-005
   1.5588875777441508E-003   5.0519687049499116E-005
   1.6388134648491050E-003   5.3109887188695429E-005
   1.7228372397808760E-003   5.5832889730890468E-005
   1.8111690057169920E-003   5.8695503600991366E-005
   1.9040296380476367E-003   6.1704886824955719E-005
   2.0016513366766025E-003   6.4868564428585457E-005
   2.1042782066387025E-003   6.8194447254011527E-005
   2.2121668684852592E-003   7.1690851740920415E-005
   2.3255870999637075E-003   7.5366520721985763E-005
   2.4448225105954788E-003   7.9230645284504648E-005
   2.5701712508385505E-003   8.3292887752904027E-005
   2.7019467576073430E-003   8.7563405849585277E-005
   2.8404785380134502E-003   9.2052878094521932E-005
   2.9861129932860250E-003   9.6772530507122635E-005
   3.1392142849308562E-003   1.0173416467712785E-004
   3.3001652452924564E-003   1.0695018727473219E-004
   3.4693683347940853E-003   1.1243364107372332E-004
   3.6472466482467638E-003   1.1819823756521093E-004
   3.8342449727403684E-003   1.2425839124349770E-004
   4.0308308997579140E-003   1.3062925564982409E-004
   4.2374959942885751E-003   1.3732676126411582E-004
   4.4547570238560085E-003   1.4436765533948278E-004
   4.6831572505264055E-003   1.5176954377907608E-004
   4.9232677891157504E-003   1.5955093516001792E-004
   5.1756890349780645E-003   1.6773128701448643E-004
   5.4410521649263435E-003   1.7633105448368249E-004
   5.7200207150155573E-003   1.8537174146633897E-004
   6.0132922391025172E-003   1.9487595438966987E-004
   6.3216000522908601E-003   2.0486745873721541E-004
   6.6457150635705507E-003   2.1537123847493127E-004
   6.9864477021702740E-003   2.2641355852411930E-004
   7.3446499423571914E-003   2.3802203043741318E-004
   7.7212174316415617E-003   2.5022568144204431E-004
   8.1170917275724085E-003   2.6305502702303186E-004
   8.5332626485438226E-003   2.7654214722779220E-004
   8.9707707442675932E-003   2.9072076688296979E-004
   9.4307098918043428E-003   3.0562633992407237E-004
   9.9142300232790588E-003   3.2129613804878019E-004
   1.0422539991633086E-002   3.3776934391560625E-004
   1.0956910580978025E-002   3.5508714912095514E-004
   1.1518677668309673E-002   3.7329285719957305E-004
   1.2109245543502225E-002   3.9243199190594328E-004
   1.2730090394621914E-002   4.1255241104738840E-004
   1.3382763965658078E-002   4.3370442615352006E-004
   1.4068897393747061E-002   4.5594092828127276E-004
   1.4790205232832653E-002   4.7931752027010011E-004
   1.5548489670430203E-002   5.0389265577803933E-004
   1.6345644943694684E-002   5.2972778544630892E-004
   1.7183661960276760E-002   5.5688751055792270E-004
   1.8064633128411344E-002   5.8543974457455370E-004
   1.8990757399223023E-002   6.1545588295556586E-004
   1.9964345522231829E-002   6.4701098168385731E-004
   2.0987825512343974E-002   6.8018394494491767E-004
   2.2063748323018762E-002   7.1505772242839722E-004
   2.3194793715563690E-002   7.5171951674554347E-004
   2.4383776308307358E-002   7.9026100148115765E-004
   2.5633651781332534E-002   8.3077855042531460E-004
   2.6947523202014639E-002   8.7337347855804333E-004
   2.8328647423169550E-002   9.1815229538955785E-004
   2.9780441488375272E-002   9.6522697128951845E-004
   3.1306488957008591E-002   1.0147152174712880E-003
   3.2910546033510367E-002   1.0667407803312853E-003
   3.4596547349865323E-002   1.1214337508794439E-003
   3.6368611205436635E-002   1.1789308900345072E-003
   3.8231044011952153E-002   1.2393759705975700E-003
   4.0188343621026926E-002   1.3029201367589826E-003
   4.2245201124158645E-002   1.3697222820375622E-003
   4.4406500607337855E-002   1.4399494465971686E-003
   4.6677316210740755E-002   1.5137772349341312E-003
   4.9062905684941066E-002   1.5913902549799734E-003
   5.1568699445735347E-002   1.6729825797174112E-003
   5.4200283908385861E-002   1.7587582324639136E-003
   5.6963377629753287E-002   1.8489316970362831E-003
   5.9863798508698822E-002   1.9437284540719313E-003
   6.2907420003510128E-002   2.0433855448479393E-003
   6.6100114042577804E-002   2.1481521640077357E-003
   6.9447678068429525E-002   2.2582902826775234E-003
   7.2955743522289562E-002   2.3740753035305698E-003
   7.6629663127200612E-002   2.4957967494373626E-003
   8.0474374669163490E-002   2.6237589874236107E-003
   8.4494239737773494E-002   2.7582819897463712E-003
   8.8692857211887438E-002   2.8997021339913802E-003
   9.3072853288846985E-002   3.0483730441922545E-003
   9.7635652626493166E-002   3.2046664750747969E-003
  0.10238123864548326        3.3689732416374760E-003
  0.10730791498733756        3.5417041963925170E-003
  0.11241208406073532        3.7232912567112192E-003
  0.11768806180587923        3.9141884848423909E-003
  0.12312794936818404        4.1148732233045127E-003
  0.12872158142533846        4.3258472884907112E-003
  0.13445656688451416        4.5476382254711597E-003
  0.14031843057403973        4.7808006271305818E-003
  0.14629085516466214        5.0259175209393754E-003
  0.15235601232701937        5.2836018268260206E-003
  0.15849496288341697        5.5544978897962031E-003
  0.16468809912879956        5.8392830911309966E-003
  0.17091559965421887        6.1386695421929514E-003
  0.17715786810842288        6.4534058650754763E-003
  0.18339593174267796        6.7842790645480664E-003
  0.18961178211039623        7.1321164959782185E-003
  0.19578864758397199        7.4977879341508622E-003
  0.20191119423343071        7.8822077481584280E-003
  0.20796565729061584        8.2863371877999296E-003
  0.21393990952564060        8.7111867872062161E-003
  0.21982347536777216        9.1578188917017453E-003
  0.22560750072043895        9.6273503142213189E-003
  0.23128468846988831        1.0120955127924229E-002
  0.23684920900755357        1.0639867601988791E-002
  0.24229659397733472        1.1185385287928279E-002
  0.24762362015659237        1.1758872264145679E-002
  0.25282818905127913        1.2361762546840304E-002
  0.25790920653846994        1.2995563675795354E-002
  0.26286646578319367        1.3661860484012717E-002
  0.26770053571621122        1.4362319060621114E-002
  0.27241265658784741        1.5098690916966851E-002
  0.27700464349915127        1.5872817366304654E-002
  0.28147879833740536        1.6686634128040025E-002
  0.28583783018751036        1.7542176168036182E-002
  0.29008478403321564        1.8441582787088833E-002
  0.29422297738333247        1.9387102970292634E-002
  0.29825594434104974        2.0381101010675536E-002
  0.30218738656494321        2.1426062421163048E-002
  0.30602113053642865        2.2524600149655367E-002
  0.30976109054072704        2.3679461112758350E-002
  0.31341123677938926        2.4893533064506049E-002
  0.31697556805623933        2.6169851817250164E-002
  0.32045808851083707        2.7511608832772438E-002
  0.32386278791094303        2.8922159202601699E-002
  0.32719362505564370        3.0405030037490541E-002
  0.33045451388209368        3.1963929287029631E-002
  0.33364931191018493        3.3602755011453371E-002
  0.33678181070019192        3.5325605128821179E-002
  0.33985572803822539        3.7136787661947425E-002
  0.34287470160306288        3.9040831510702784E-002
  0.34584228390565114        4.1042497776623207E-002
  0.34876193832945107        4.3146791668144099E-002
  0.35163703613598835        4.5358975016228840E-002
  0.35447085433565101        4.7684579431687385E-002
  0.35726657435901343        5.0129420137084955E-002
  0.36002728149873064        5.2699610507827926E-002
  0.36275596512612573        5.5401577358787119E-002
  0.36545551971957879        5.8242077014683001E-002
  0.36812874677307594        6.1228212204417223E-002
  0.37077835768193490        6.4367449821595049E-002
  0.37340697772771608        6.7667639595649295E-002
  0.37601715130446484        7.1137033720253137E-002
  0.37861134854246931        7.4784307488103385E-002
  0.38119197349253625        7.8618580983671582E-002
  0.38376137403254368        8.2649441888166322E-002
  0.38632185364836097        8.6886969453730950E-002
  0.38887568522343197        9.1341759706824774E-002
  0.39142512694652132        9.6024951943809222E-002
  0.39397244041732332       0.10094825658499168     
  0.39651991099770095       0.10612398445677694     
  0.39906987042580977       0.11156507757514651     
  0.40162472168521129       0.11728514150744071     
  0.40418696610520943       0.12329847939336487     
  0.40675923266539654       0.12962012771028983     
  0.40934430948904532       0.13626589387227869     
  0.41194517753719118       0.14325239575685672     
  0.41456504655663751       0.15059710325836245     
  0.41720739338697888       0.15831838197178444     
  0.41987600278780202       0.16643553911631614     
  0.42257501099850897       0.17496887181346230     
  0.42530895227781096       0.18393971784041632     
  0.42808280867268889       0.19337050898561925     
  0.43090206321836944       0.20328482713991677     
  0.43377275664754816       0.21370746326357135     
  0.43670154745822348       0.22466447937657763     
  0.43969577481665295       0.23618327372728970     
  0.44276352320736273       0.24829264930231493     
  0.44591368692886668       0.26102288584898548     
  0.44915603140892263       0.27440581559050098     
  0.45250124681825199       0.28847490282306965     
  0.45596098756532727       0.30326532759408176     
  0.45954788899731847       0.31881407367055542     
  0.46327555020391642       0.33516002101782094     
  0.46715846968939923       0.35234404301968869     
  0.47121191977750504       0.37040910868320143     
  0.47545174758701508       0.38940039008353694     
  0.47989409786565285       0.40936537531772832     
  0.48455506960713851       0.43035398724964558     
  0.48945034866792653       0.45241870834316256     
  0.49459490761051494       0.47561471189565774     
  0.50000293104848614       0.50000000000000000     
  0.50541095448007500       0.52438528810434226     
  0.51055551340427130       0.54758129165683744     
  0.51545079243589387       0.56964601275035442     
  0.52011176413883076       0.59063462468227168     
  0.52455411437072441       0.61059960991646300     
  0.52879394212642417       0.62959089131679857     
  0.53284739215468291       0.64765595698031131     
  0.53673031157520767       0.66483997898217906     
  0.54045797271254592       0.68118592632944464     
  0.54404487407165125       0.69673467240591824     
  0.54750461474272694       0.71152509717693035     
  0.55084983007324084       0.72559418440949908     
  0.55409217447166803       0.73897711415101452     
  0.55724233810831481       0.75170735069768513     
  0.56031008640992586       0.76381672627271024     
  0.56330431367315426       0.77533552062342237     
  0.56623310437948204       0.78629253673642863     
  0.56910379769050590       0.79671517286008320     
  0.57192305209740435       0.80662949101438075     
  0.57469690832324050       0.81606028215958371     
  0.57743084939003575       0.82503112818653768     
  0.58012985732713718       0.83356446088368386     
  0.58279846637026878       0.84168161802821562     
  0.58544081272952908       0.84940289674163760     
  0.58806068112792786       0.85674760424314322     
  0.59066154836030538       0.86373410612772128     
  0.59324662411973117       0.87037987228971014     
  0.59581888930387850       0.87670152060663509     
  0.59838113196257237       0.88271485849255926     
  0.60093598099164114       0.88843492242485345     
  0.60348593762632197       0.89387601554322305     
  0.60603340474606771       0.89905174341500826     
  0.60858071397537938       0.90397504805619078     
  0.61113015055362785       0.90865824029317521     
  0.61368397595005664       0.91311303054626902     
  0.61624444821602631       0.91735055811183364     
  0.61881384009170604       0.92138141901632842     
  0.62139445491492662       0.92521569251189661     
  0.62398864041185109       0.92886296627974685     
  0.62659880047891825       0.93233236040435075     
  0.62922740509032438       0.93563255017840496     
  0.63187699848311041       0.93877178779558279     
  0.63455020578160060       0.94175792298531702     
  0.63724973822419084       0.94459842264121285     
  0.63997839714867655       0.94730038949217221     
  0.64273907687827492       0.94987057986291512     
  0.64553476663037246       0.95231542056831264     
  0.64836855154503081       0.95464102498377112     
  0.65124361290163890       0.95685320833185594     
  0.65416322756083711       0.95895750222337683     
  0.65713076663587555       0.96095916848929708     
  0.66014969336346674       0.96286321233805272     
  0.66322356010944117       0.96467439487117879     
  0.66635600440927956       0.96639724498854673     
  0.66955074390790215       0.96803607071297026     
  0.67281157002692304       0.96959496996250949     
  0.67614234015067842       0.97107784079739823     
  0.67954696808463777       0.97248839116722752     
  0.68302941250104443       0.97383014818274971     
  0.68659366304687552       0.97510646693549385     
  0.69024372374845122       0.97632053888724157     
  0.69398359330568948       0.97747539985034460     
  0.69781724182768634       0.97857393757883682     
  0.70174858352114644       0.97961889898932453     
  0.70578144480578597       0.98061289702970722     
  0.70991952729861063       0.98155841721291104     
  0.71416636508512199       0.98245782383196367     
  0.71852527568456193       0.98331336587195994     
  0.72299930412394053       0.98412718263369536     
  0.72759115956944165       0.98490130908303319     
  0.73230314403330055       0.98563768093937898     
  0.73713707279123974       0.98633813951598737     
  0.74209418632434643       0.98700443632420465     
  0.74717505385678529       0.98763823745315982     
  0.75237946891616925       0.98824112773585449     
  0.75770633781760766       0.98881461471207166     
  0.76315356258618838       0.98936013239801113     
  0.76871792060406563       0.98987904487207579     
  0.77439494420853383       0.99037264968577876     
  0.78017880457366884       0.99084218110829825     
  0.78606220545519490       0.99128881321279372     
  0.79203629370657447       0.99171366281220019     
  0.79809059477667665       0.99211779225184160     
  0.80421298250839768       0.99250221206584910     
  0.81038969323722776       0.99286788350402166     
  0.81660539413936695       0.99321572093545185     
  0.82284331466207761       0.99354659413492452     
  0.82908544736424350       0.99386133045780700     
  0.83531282039302868       0.99416071690886887     
  0.84150583814420243       0.99444550211020388     
  0.84764467977219260       0.99471639817317414     
  0.85370973792525873       0.99497408247906072     
  0.85968207355426451       0.99521919937286940     
  0.86554385823295454       0.99545236177452889     
  0.87127877432358192       0.99567415271150927     
  0.87687234616152410       0.99588512677669550     
  0.88231218201371797       0.99608581151515752     
  0.88758811581339803       0.99627670874328877     
  0.89269224790146762       0.99645829580360745     
  0.89761889339469614       0.99663102675836246     
  0.90236445389438724       0.99679533352492511     
  0.90692723227775462       0.99695162695580763     
  0.91130721126285641       0.99710029786600873     
  0.91550581487744498       0.99724171801025352     
  0.91952566876561748       0.99737624101257638     
  0.92337037132899824       0.99750420325056266     
  0.92704428375177217       0.99762592469646938     
  0.93055234347992988       0.99774170971732234     
  0.93389990295446379       0.99785184783599223     
  0.93709259338476059       0.99795661445515194     
  0.94013621202429631       0.99805627154592791     
  0.94303663064828391       0.99815106830296363     
  0.94579972259159639       0.99824124176753604     
  0.94843130565413536       0.99832701742028274     
  0.95093709831368667       0.99840860974501988     
  0.95332268692260014       0.99848622276506593     
  0.95559350184669023       0.99856005055340291     
  0.95775480079695774       0.99863027771796242     
  0.95981165788229772       0.99869707986324097     
  0.96176895716402655       0.99876062402940258     
  0.96363138971417639       0.99882106910996549     
  0.96540345336906286       0.99887856624912053     
  0.96708945452838568       0.99893325921966869     
  0.96869351148205118       0.99898528478252879     
  0.97021955885462219       0.99903477302871035     
  0.97167135284473416       0.99908184770461039     
  0.97305247700719422       0.99912662652144191     
  0.97436634838201308       0.99916922144957465     
  0.97561622381920665       0.99920973899851873     
  0.97680520638396340       0.99924828048325443     
  0.97793625175464882       0.99928494227757148     
  0.97901217454825873       0.99931981605505504     
  0.98003565452504271       0.99935298901831604     
  0.98100924263765443       0.99938454411704447     
  0.98193536690034355       0.99941456025542541     
  0.98281633806214230       0.99944311248944206     
  0.98365435507377785       0.99947027221455365     
  0.98445151034318501       0.99949610734422201     
  0.98520979477776927       0.99952068247972981     
  0.98593110261450589       0.99954405907171873     
  0.98661723604076512       0.99956629557384657     
  0.98726990961036742       0.99958744758895257     
  0.98789075446037367       0.99960756800809403     
  0.98848132233469788       0.99962670714280044     
  0.98904308942134844       0.99964491285087897     
  0.98957746001016889       0.99966223065608451     
  0.99008576997811082       0.99967870386195135     
  0.99056929010926154       0.99969437366007596     
  0.99102922925654491       0.99970927923311703     
  0.99146673735207103       0.99972345785277206     
  0.99188290827289260       0.99973694497297694     
  0.99227878256870339       0.99974977431855794     
  0.99265535005789429       0.99976197796956257     
  0.99301355229801058       0.99977358644147585     
  0.99335428493655409       0.99978462876152507     
  0.99367839994778473       0.99979513254126262     
  0.99398670776094278       0.99980512404561028     
  0.99427997928500444       0.99981462825853373     
  0.99455894783507426       0.99982366894551644     
  0.99482431096499924       0.99983226871298536     
  0.99507673221085324       0.99984044906484004     
  0.99531684274943111       0.99984823045622095     
  0.99554524297609603       0.99985563234466057     
  0.99576250400565725       0.99986267323873590     
  0.99596916910018030       0.99986937074435012     
  0.99616575502719473       0.99987574160875647     
  0.99635275335168783       0.99988180176243480     
  0.99653063166513400       0.99988756635892617     
  0.99669983475463531       0.99989304981272520     
  0.99686078571499281       0.99989826583532271     
  0.99701388700664251       0.99990322746949289     
  0.99715952146191089       0.99990794712190545     
  0.99729805324231402       0.99991243659415030     
  0.99742982874908526       0.99991670711224712     
  0.99755517748933054       0.99992076935471552     
  0.99767441289996261       0.99992463347927807     
  0.99778783313143993       0.99992830914825914     
  0.99789572179328512       0.99993180555274597     
  0.99799834866324610       0.99993513143557144     
  0.99809597036187614       0.99993829511317511     
  0.99818883099420808       0.99994130449639906     
  0.99827716276014200       0.99994416711026912     
  0.99836118653507877       0.99994689011281146     
  0.99844111242218203       0.99994948031295061     
  0.99851714027779148       0.99995194418753652     
  0.99858946021112382       0.99995428789753893     
  0.99865825305968769       0.99995651730345436     
  0.99872369084141999       0.99995863797995865     
  0.99878593718485775       0.99996065522984789     
  0.99884514773827793       0.99996257409729761     
  0.99890147055890866       0.99996439938047621     
  0.99895504648313249       0.99996613564354242     
  0.99900600947867735       0.99996778722805857     
  0.99905448697956645       0.99996935826384603     
  0.99910060020481106       0.99997085267931285     
  0.99914446446149174       0.99997227421127632     
  0.99918618943310356       0.99997362641430676     
  0.99922587945381802       0.99997491266961658     
  0.99926363376934269       0.99997613619351333     
  0.99929954678515165       0.99997730004544483     
  0.99933370830249613       0.99997840713564734     
  0.99936620374294527       0.99997946023242235     
  0.99939711436203960       0.99998046196906076     
  0.99942651745243882       0.99998141485042646     
  0.99945448653716940       0.99998232125921860     
  0.99948109155352904       0.99998318346193193     
  0.99950639902790694       0.99998400361452200     
  0.99953047224218150       0.99998478376779776     
  0.99955337139191902       0.99998552587254852     
  0.99957515373693473       0.99998623178442314     
  0.99959587374443082       0.99998690326856887     
  0.99961558322522404       0.99998754200404594     
  0.99963433146327851       0.99998814958802562     
  0.99965216533895784       0.99998872753978441     
  0.99966912944624775       0.99998927730450304     
  0.99968526620425180       0.99998980025687967     
  0.99970061596326876       0.99999029770456749     
  0.99971521710569755       0.99999077089144495     
  0.99972910614199362       0.99999122100072579     
  0.99974231780198464       0.99999164915791749     
  0.99975488512170985       0.99999205643363642     
  0.99976683952600309       0.99999244384628361     
  0.99977821090711816       0.99999281236459303     
  0.99978902769942168       0.99999316291005214     
  0.99979931695053137       0.99999349635920709     
  0.99980910438893578       0.99999381354585470     
  0.99981841448832709       0.99999411526312654     
  0.99982727052881726       0.99999440226547365     
  0.99983569465509936       0.99999467527055053     
  0.99984370793189070       0.99999493496101255     
  0.99985133039655816       0.99999518198622117     
  0.99985858110922810       0.99999541696386796     
  0.99986547820046212       0.99999564048151945     
  0.99987203891658416       0.99999585309808636     
  0.99987827966280240       0.99999605534522096     
  0.99988421604423328       0.99999624772864615     
  0.99988986290491677       0.99999643072942079     
  0.99989523436495553       0.99999660480514230     
  0.99990034385579074       0.99999677039109047     
  0.99990520415381179       0.99999692790131656     
  0.99990982741229895       0.99999707772967816     
  0.99991422519180750       0.99999722025082427     
  0.99991840848907898       0.99999735582113214     
  0.99992238776451992       0.99999748477959749     
  0.99992617296841413       0.99999760744868460     
  0.99992977356573443       0.99999772413512955     
  0.99993319855984419       0.99999783513070928     
  0.99993645651501728       0.99999794071297055     
  0.99993955557784397       0.99999804114592428     
  0.99994250349759117       0.99999813668070503     
  0.99994530764558909       0.99999822755619938     
  0.99994797503367749       0.99999831399964356     
  0.99995051233170518       0.99999839622719089     
  0.99995292588424911       0.99999847444445356     
  0.99995522172644702       0.99999854884701533     
  0.99995740559909541       0.99999861962092118     
  0.99995948296302062       0.99999868694314298     
  0.99996145901270428       0.99999875098202107     
  0.99996333868930654       0.99999881189768614     
  0.99996512669300486       0.99999886984245945     
  0.99996682749472632       0.99999892496123244     
  0.99996844534737150       0.99999897739183130     
  0.99996998429641126       0.99999902726535972     
  0.99997144819001316       0.99999907470652705     
  0.99997284068868419       0.99999911983396150     
  0.99997416527439886       0.99999916276050516     
  0.99997542525930094       0.99999920359349648     
  0.99997662379401431       0.99999924243503924     
  0.99997776387549486       0.99999927938225741     
  0.99997884835454942       0.99999931452753865     
  0.99997987994293402       0.99999934795876422     
  0.99998086122016017       0.99999937975952968     
  0.99998179463992509       0.99999941000935333     
  0.99998268253627554       0.99999943878387587     
  0.99998352712940797       0.99999946615504820     
  0.99998433053124891       0.99999949219131279     
  0.99998509475071651       0.99999951695777378     
  0.99998582169876227       0.99999954051636009     
  0.99998651319313347       0.99999956292598069     
  0.99998717096292122       0.99999958424267099     
  0.99998779665290805       0.99999960451973446     
  0.99998839182762211       0.99999962380787333     
  0.99998895797532861       0.99999964215531889     
  0.99998949651168234       0.99999965960794879     
  0.99999000878330913       0.99999967620940400     
  0.99999049607115353       0.99999969200119654     
  0.99999095959368467       0.99999970702281427     
  0.99999140050995816       0.99999972131181902     
  0.99999181992249742       0.99999973490394112     
  0.99999221888003742       0.99999974783316725     
  0.99999259838018573       0.99999976013182745     
  0.99999295937190125       0.99999977183067523     
  0.99999330275783482       0.99999978295896319     
  0.99999362939664738       0.99999979354451840     
  0.99999394010509157       0.99999980361380980     
  0.99999423566010803       0.99999981319201614     
  0.99999451680073270       0.99999982230308782     
  0.99999478422997212       0.99999983096980727     
  0.99999503861652927       0.99999983921384583     
  0.99999528059650977       0.99999984705581790     
  0.99999551077498605       0.99999985451533235     
  0.99999572972752804       0.99999986161104215     
  0.99999593800163078       0.99999986836069021     
  0.99999613611807736       0.99999987478115371     
  0.99999632457227483       0.99999988088848768     
  0.99999650383544825       0.99999988669796325     
  0.99999667435586104       0.99999989222410768     
  0.99999683655989158       0.99999989748073870     
  0.99999699085313554       0.99999990248100068     
  0.99999713762141962       0.99999990723739740     
  0.99999727723171505       0.99999991176182135     
  0.99999741003315024       0.99999991606558714     
  0.99999753635777666       0.99999992015945549     
  0.99999765652147021       0.99999992405366323     
  0.99999777082472330       0.99999992775794866     
  0.99999787955333230       0.99999993128157372     
  0.99999798297918907       0.99999993463334969     
  0.99999808136090407       0.99999993782165741     
  0.99999817494448739       0.99999994085446964     
  0.99999826396395242       0.99999994373937007     
  0.99999834864188042       0.99999994648357204     
  0.99999842919001647       0.99999994909393775     
  0.99999850580977667       0.99999995157699439     
  0.99999857869274067       0.99999995393895080     
  0.99999864802116445       0.99999995618571336     
  0.99999871396840245       0.99999995832290012     
  0.99999877669936121       0.99999996035585514     
  0.99999883637088849       0.99999996228966159     
  0.99999889313219581       0.99999996412915504     
  0.99999894712522719       0.99999996587893547     
  0.99999899848499141       0.99999996754337828     
  0.99999904733989842       0.99999996912664479     
  0.99999909381213536       0.99999997063269497     
  0.99999913801788842       0.99999997206529401     
  0.99999918006770516       0.99999997342802438     
  0.99999922006672837       0.99999997472429369     
  0.99999925811497525       0.99999997595734313     
  0.99999929430758328       0.99999997713025590     
  0.99999932873505770       0.99999997824596509     
  0.99999936148348523       0.99999997930726048     
  0.99999939263476090       0.99999998031679616     
  0.99999942226676353       0.99999998127709600     
  0.99999945045359606       0.99999998219056141     
  0.99999947726574101       0.99999998305947668     
  0.99999950277024174       0.99999998388601430     
  0.99999952703087802       0.99999998467224149     
  0.99999955010830266       0.99999998542012369     
  0.99999957206023549       0.99999998613153152     
  0.99999959294154817       0.99999998680824309     
  0.99999961280447791       0.99999998745195151     
  0.99999963169867989       0.99999998806426571     
  0.99999964967139487       0.99999998864671691     
  0.99999966676757368       0.99999998920076172     
  0.99999968302996156       0.99999998972778548     
  0.99999969849922687       0.99999999022910602     
  0.99999971321404002       0.99999999070597667     
  0.99999972721120900       0.99999999115959026     
  0.99999974052573171       0.99999999159108099     
  0.99999975319088685       0.99999999200152723     
  0.99999976523836298       0.99999999239195614     
  0.99999977669827222       0.99999999276334339     
  0.99999978759927965       0.99999999311661802     
  0.99999979796863636       0.99999999345266322     
  0.99999980783227593       0.99999999377231930     
  0.99999981721485431       0.99999999407638551     
  0.99999982613984573       0.99999999436562237     
  0.99999983462955688       0.99999999464075284     
  0.99999984270521758       0.99999999490246494     
  0.99999985038702610       0.99999999515141336     
  0.99999985769418775       0.99999999538822038     
  0.99999986464497348       0.99999999561347808     
  0.99999987125677181       0.99999999582775012     
  0.99999987754610220       0.99999999603157175     
  0.99999988352870439       0.99999999622545299     
  0.99999988921952798       0.99999999640987847     
  0.99999989463280825       0.99999999658530947     
  0.99999989978207382       0.99999999675218443     
  0.99999990468020972       0.99999999691092090     
  0.99999990933946614       0.99999999706191589     
  0.99999991377148312       0.99999999720554655     
  0.99999991798734922       0.99999999734217238     
  0.99999992199760124       0.99999999747213464     
  0.99999992581227648       0.99999999759575886     
  0.99999992944090632       0.99999999771335368     
  0.99999993289256162       0.99999999782521332     
  0.99999993617588478       0.99999999793161765     
  0.99999993929907693       0.99999999803283257     
  0.99999994226994338       0.99999999812911100     
  0.99999994509592605       0.99999999822069408     
  0.99999994778407764       0.99999999830781050     
  0.99999995034113343       0.99999999839067832     
  0.99999995277347786       0.99999999846950460     
  0.99999995508719031       0.99999999854448629     
  0.99999995728806512       0.99999999861581113     
  0.99999995938160402       0.99999999868365752     
  0.99999996137303637       0.99999999874819490     
  0.99999996326734553       0.99999999880958479     
  0.99999996506926792       0.99999999886798063     
  0.99999996678331293       0.99999999892352864     
  0.99999996841376271       0.99999999897636738     
  0.99999996996469165       0.99999999902662917     
  0.99999997143998642       0.99999999907443982     
  0.99999997284332565       0.99999999911991866     
  0.99999997417821973       0.99999999916317928     
  0.99999997544801045       0.99999999920433003     
  0.99999997665588336       0.99999999924347427     
  0.99999997780483629       0.99999999928070904     
  0.99999997889775649       0.99999999931612782     
  0.99999997993737522       0.99999999934981931     
  0.99999998092629439       0.99999999938186779     
  0.99999998186697947       0.99999999941235307     
  0.99999998276179225       0.99999999944135176     
  0.99999998361295839       0.99999999946893592     
  0.99999998442261218       0.99999999949517482     
  0.99999998519277811       0.99999999952013408     
  0.99999998592538353       0.99999999954387597     
  0.99999998662226441       0.99999999956646024     
  0.99999998728515305       0.99999999958794283     
  0.99999998791571032       0.99999999960837771     
  0.99999998851551986       0.99999999962781605     
  0.99999998908607379       0.99999999964630626     
  0.99999998962880599       0.99999999966389486     
  0.99999999014506613       0.99999999968062558     
  0.99999999063614520       0.99999999969654030     
  0.99999999110327564       0.99999999971167886     
  0.99999999154762598       0.99999999972607923     
  0.99999999197029876       0.99999999973977693     
  0.99999999237236481       0.99999999975280696     
  0.99999999275481677       0.99999999976520126     
  0.99999999311862131       0.99999999977699128     
  0.99999999346468060       0.99999999978820620     
  0.99999999379386384       0.99999999979887422     
  0.99999999410698837       0.99999999980902188     
  0.99999999440483944       0.99999999981867449     
  0.99999999468816958       0.99999999982785659     
  0.99999999495767977       0.99999999983659071     
  0.99999999521405092       0.99999999984489907     
  0.99999999545791263       0.99999999985280208     
  0.99999999568988118       0.99999999986031962     
  0.99999999591053412       0.99999999986747046     
  0.99999999612042967       0.99999999987427268     
  0.99999999632009284       0.99999999988074328     
  0.99999999651001115       0.99999999988689814     
  0.99999999669067063       0.99999999989275290     
  0.99999999686251906       0.99999999989832211     
  0.99999999702598485       0.99999999990361965     
  0.99999999718147647       0.99999999990865873     
  0.99999999732938993       0.99999999991345223     
  0.99999999747008150       0.99999999991801169     
  0.99999999760392122       0.99999999992234911     
  0.99999999773122739       0.99999999992647481     
  0.99999999785232430       0.99999999993039934     
  0.99999999796751704       0.99999999993413247     
  0.99999999807709083       0.99999999993768351     
  0.99999999818132490       0.99999999994106148     
  0.99999999828047226       0.99999999994427458     
  0.99999999837478570       0.99999999994733102     
  0.99999999846449872       0.99999999995023847     
  0.99999999854983224       0.99999999995300393     
  0.99999999863100719       0.99999999995563460     
  0.99999999870822431       0.99999999995813704     
  0.99999999878167167       0.99999999996051725     
  0.99999999885153756       0.99999999996278144     
  0.99999999891800373       0.99999999996493549     
  0.99999999898121938       0.99999999996698408     
  0.99999999904135939       0.99999999996893307     
  0.99999999909856008       0.99999999997078681     
  0.99999999915297688       0.99999999997255040     
  0.99999999920473359       0.99999999997422773     
  0.99999999925396610       0.99999999997582323     
  0.99999999930079830       0.99999999997734090     
  0.99999999934534656       0.99999999997878464     
  0.99999999938772743       0.99999999998015809     
  0.99999999942803885       0.99999999998146449     
  0.99999999946638418       0.99999999998270728     
  0.99999999950285456       0.99999999998388911     
  0.99999999953754759       0.99999999998501343     
  0.99999999957055397       0.99999999998608313     
  0.99999999960195118       0.99999999998710054     
  0.99999999963181108       0.99999999998806821     
  0.99999999966021758       0.99999999998898881     
  0.99999999968724196       0.99999999998986455     
  0.99999999971294284       0.99999999999069744     
  0.99999999973739762       0.99999999999148992     
  0.99999999976065179       0.99999999999224354     
  0.99999999978277698       0.99999999999296063     
  0.99999999980381860       0.99999999999364253     
  0.99999999982383470       0.99999999999429123     
  0.99999999984287780       0.99999999999490830     
  0.99999999986098653       0.99999999999549516     
  0.99999999987821941       0.99999999999605371     
  0.99999999989460875       0.99999999999658484     
  0.99999999991020050       0.99999999999709011     
  0.99999999992502664       0.99999999999757050     
  0.99999999993913269       0.99999999999802769     
  0.99999999995255107       0.99999999999846256     
  0.99999999996532063       0.99999999999887634     
  0.99999999997746092       0.99999999999926970     
  0.99999999998901090       0.99999999999964406     
