   9.0989354498318367E-011   3.5602492699691204E-013
   1.8664383303151423E-010   7.3030364261700754E-013
   2.8720262162725771E-010   1.1237720386303144E-012
   3.9291716964325901E-010   1.5374139910047252E-012
   5.0405181852167860E-010   1.9722638201084793E-012
   6.2088446278044070E-010   2.4294088770499111E-012
   7.4370724489429618E-010   2.9099922626216698E-012
   8.7282728580320455E-010   3.4152156856482169E-012
   1.0085674528746747E-009   3.9463424678839018E-012
   1.1512671672403854E-009   4.5047007029754898E-012
   1.3012832525258335E-009   5.0916865773881445E-012
   1.4589908270952867E-009   5.7087678615989351E-012
   1.6247842420431125E-009   6.3574875802876729E-012
   1.7990780672769506E-009   7.0394678707024426E-012
   1.9823081281584541E-009   7.7564140388477833E-012
   2.1749325952937349E-009   8.5101188236380793E-012
   2.3774331301985658E-009   9.3024668796787753E-012
   2.5903160897030901E-009   1.0135439489884700E-011
   2.8141137921076848E-009   1.1011119519719513E-011
   3.0493858482560219E-009   1.1931696625444431E-011
   3.2967205608537085E-009   1.2899472729399580E-011
   3.5567363955315277E-009   1.3916867776009048E-011
   3.8300835273317030E-009   1.4986425782902603E-011
   4.1174454664842193E-009   1.6110821202285082E-011
   4.4195407675384616E-009   1.7292865608460173E-011
   4.7371248261239335E-009   1.8535514728230854E-011
   5.0709917678328421E-009   1.9841875831756194E-011
   5.4219764339477856E-009   2.1215215502345486E-011
   5.7909564689798690E-009   2.2658967804618260E-011
   6.1788545152371924E-009   2.4176742871454803E-011
   6.5866405199112639E-009   2.5772335931209052E-011
   7.0153341604502914E-009   2.7449736797756637E-011
   7.4660073942839797E-009   2.9213139847108044E-011
   7.9397871392755614E-009   3.1066954505533727E-011
   8.4378580916035116E-009   3.3015816275426860E-011
   8.9614656881191548E-009   3.5064598326474182E-011
   9.5119192205876289E-009   3.7218423681118950E-011
   1.0090595109599347E-008   3.9482678024785837E-011
   1.0698940346338532E-008   4.1863023172900198E-011
   1.1338476110814981E-008   4.4365411228376145E-011
   1.2010801575606555E-008   4.6996099464974639E-011
   1.2717597904623704E-008   4.9761665973747546E-011
   1.3460632456895043E-008   5.2669026111692212E-011
   1.4241763205885645E-008   5.5725449793746458E-011
   1.5062943385398584E-008   5.8938579671363236E-011
   1.5926226373677008E-008   6.2316450243120690E-011
   1.6833770827919427E-008   6.5867507945154213E-011
   1.7787846082047281E-008   6.9600632271646915E-011
   1.8790837821221931E-008   7.3525157978190892E-011
   1.9845254047300396E-008   7.7650898423539195E-011
   2.0953731350146517E-008   8.1988170108114919E-011
   2.2119041500479155E-008   8.6547818470636735E-011
   2.3344098380742936E-008   9.1341245007365558E-011
   2.4631965271332358E-008   9.6380435781784908E-011
   2.5985862510388554E-008   1.0167799139600365E-010
   2.7409175546322318E-008   1.0724715849882572E-010
   2.8905463403198686E-008   1.1310186290927285E-010
   3.0478467580151259E-008   1.1925674443838687E-010
   3.2132121407079099E-008   1.2572719349638397E-010
   3.3870559880020594E-008   1.3252938957669785E-010
   3.5698130000797569E-008   1.3968034171314199E-010
   3.7619401646784472E-008   1.4719793101135512E-010
   3.9639178997982430E-008   1.5510095536088052E-010
   4.1762512549971986E-008   1.6340917643968260E-010
   4.3994711742783085E-008   1.7214336912863673E-010
   4.6341358237261055E-008   1.8132537345955412E-010
   4.8808319872126492E-008   1.9097814922663894E-010
   5.1401765336628853E-008   2.0112583339793472E-010
   5.4128179595483102E-008   2.1179380047031874E-010
   5.6994380104659844E-008   2.2300872591896294E-010
   6.0007533858576726E-008   2.3479865289991872E-010
   6.3175175311318060E-008   2.4719306237261589E-010
   6.6505225216695084E-008   2.6022294681761963E-010
   7.0006010434256740E-008   2.7392088773397744E-010
   7.3686284750776335E-008   2.8832113710993987E-010
   7.7555250769278713E-008   3.0345970307077522E-010
   8.1622582920341764E-008   3.1937443991784073E-010
   8.5898451653212699E-008   3.3610514278405652E-010
   9.0393548867229359E-008   3.5369364714246913E-010
   9.5119114647138435E-008   3.7218393341672844E-010
   1.0008696536916254E-007   3.9162223695505820E-010
   1.0530952324809652E-007   4.1205716364271326E-010
   1.1079984739931568E-007   4.3353981144201390E-010
   1.1657166649336703E-007   4.5612389816387113E-010
   1.2263941308479743E-007   4.7986589579029832E-010
   1.2901825970105840E-007   5.0482517168378558E-010
   1.3572415678172865E-007   5.3106413703663307E-010
   1.4277387256292202E-007   5.5864840293144551E-010
   1.5018503500661290E-007   5.8764694440301834E-010
   1.5797617587972419E-007   6.1813227291185763E-010
   1.6616677709319829E-007   6.5018061766060615E-010
   1.7477731941692319E-007   6.8387211620676206E-010
   1.8382933369232610E-007   7.1929101484831966E-010
   1.9334545467069291E-007   7.5652587928340333E-010
   2.0334947761183767E-007   7.9566981607065100E-010
   2.1386641778464719E-007   8.3682070544411425E-010
   2.2492257301828476E-007   8.8008144606483534E-010
   2.3654558946046153E-007   9.2556021232110371E-010
   2.4876453070720780E-007   9.7337072482078154E-010
   2.6160995047700258E-007   1.0236325347520656E-009
   2.7511396901098541E-007   1.0764713228237378E-009
   2.8931035339029118E-007   1.1320192135324115E-009
   3.0423460197134295E-007   1.1904151055426029E-009
   3.1992403315023372E-007   1.2518050190057514E-009
   3.3641787867815721E-007   1.3163424606866691E-009
   3.5375738176122056E-007   1.3841888078104207E-009
   3.7198590018994411E-007   1.4555137115894563E-009
   3.9114901475632258E-007   1.5304955214400236E-009
   4.1129464322954739E-007   1.6093217309486178E-009
   4.3247316017539102E-007   1.6921894467036254E-009
   4.5473752291885961E-007   1.7793058811644755E-009
   4.7814340396509169E-007   1.8708888708007382E-009
   5.0274933020961893E-007   1.9671674207967793E-009
   5.2861682928609095E-007   2.0683822776840222E-009
   5.5581058341740809E-007   2.1747865313326940E-009
   5.8439859115496927E-007   2.2866462478083471E-009
   6.1445233741047006E-007   2.4042411346756337E-009
   6.4604697220541446E-007   2.5278652404129275E-009
   6.7926149858531320E-007   2.6578276896867074E-009
   7.1417897016844545E-007   2.7944534563242618E-009
   7.5088669882316336E-007   2.9380841759175513E-009
   7.8947647299304005E-007   3.0890790000901663E-009
   8.3004478721578433E-007   3.2478154945634839E-009
   8.7269308340984444E-007   3.4146905832676666E-009
   9.1752800453203680E-007   3.5901215408582655E-009
   9.6466166124048112E-007   3.7745470361202380E-009
   1.0142119122296359E-006   3.9684282288684367E-009
   1.0663026589384136E-006   4.1722499230873846E-009
   1.1210641553683092E-006   4.3865217791938008E-009
   1.1786333337862396E-006   4.6117795884531503E-009
   1.2391541471265215E-006   4.8485866127369228E-009
   1.3027779289481761E-006   5.0975349929707484E-009
   1.3696637718476381E-006   5.3592472297951892E-009
   1.4399789252730935E-006   5.6343777401416274E-009
   1.5138992137351982E-006   5.9236144936155216E-009
   1.5916094764599131E-006   6.2276807327788114E-009
   1.6733040295828191E-006   6.5473367816330994E-009
   1.7591871520406415E-006   6.8833819468257478E-009
   1.8494735963749620E-006   7.2366565163328957E-009
   1.9443891257253925E-006   7.6080438606171487E-009
   2.0441710783549756E-006   7.9984726415139268E-009
   2.1490689611194162E-006   8.4089191343698426E-009
   2.2593450733641289E-006   8.8404096692396627E-009
   2.3752751628091611E-006   9.2940231972461018E-009
   2.4971491150620597E-006   9.7708939885197253E-009
   2.6252716784828012E-006   1.0272214468465162E-008
   2.7599632262133439E-006   1.0799238199445820E-008
   2.9015605572772545E-006   1.1353283015342832E-008
   3.0504177387525932E-006   1.1935734316826298E-008
   3.2069069911239076E-006   1.2548048535578672E-008
   3.3714196190271916E-006   1.3191756776132711E-008
   3.5443669897151392E-006   1.3868468644430426E-008
   3.7261815616893793E-006   1.4579876272676473E-008
   3.9173179660717961E-006   1.5327758550550173E-008
   4.1182541434189334E-006   1.6113985573356443E-008
   4.3294925388220875E-006   1.6940523318238265E-008
   4.5515613582814966E-006   1.7809438560143743E-008
   4.7850158894961659E-006   1.8722904039840133E-008
   5.0304398903720395E-006   1.9683203896897684E-008
   5.2884470487204613E-006   2.0692739381228484E-008
   5.5596825167969513E-006   2.1754034857462148E-008
   5.8448245245174558E-006   2.2869744117172493E-008
   6.1445860753859040E-006   2.4042657014738964E-008
   6.4597167293738001E-006   2.5275706443435935E-008
   6.7910044772099819E-006   2.6571975669193827E-008
   7.1392777107671952E-006   2.7934706040370140E-008
   7.5054072944725145E-006   2.9367305092808939E-008
   7.8903087429211884E-006   3.0873355070455623E-008
   8.2949445101390632E-006   3.2456621882832959E-008
   8.7203263962179380E-006   3.4121064521776768E-008
   9.1675180773416814E-006   3.5870844960977911E-008
   9.6376377655294620E-006   3.7710338563084753E-008
   1.0131861004746836E-005   3.9644145020389086E-008
   1.0651423610376428E-005   4.1677099856453123E-008
   1.1197624759398358E-005   4.3814286517437422E-008
   1.1771830239007509E-005   4.6061049083364576E-008
   1.2375475861790775E-005   4.8423005631103213E-008
   1.3010071056004096E-005   5.0906062282486963E-008
   1.3677202639926689E-005   5.3516427972695819E-008
   1.4378538789730430E-005   5.6260629975828622E-008
   1.5115833210785998E-005   5.9145530226488737E-008
   1.5890929522836237E-005   6.2178342478195282E-008
   1.6705765870001909E-005   6.5366650341524948E-008
   1.7562379767147189E-005   6.8718426247089097E-008
   1.8462913194723348E-005   7.2242051380763550E-008
   1.9409617954830275E-005   7.5946336641019511E-008
   2.0404861301888775E-005   7.9840544670759773E-008
   2.1451131862003157E-005   8.3934413018751289E-008
   2.2551045855815626E-005   8.8238178488570003E-008
   2.3707353640412590E-005   9.2762602735942532E-008
   2.4922946586641244E-005   9.7518999178491929E-008
   2.6200864309032940E-005   1.0251926128517532E-007
   2.7544302266412074E-005   1.0777589231615236E-007
   2.8956619752195607E-005   1.1330203658744914E-007
   3.0441348294363222E-005   1.1911151233859577E-007
   3.2002200486102203E-005   1.2521884628542393E-007
   3.3643079269208076E-005   1.3163930994442410E-007
   3.5368087693454160E-005   1.3838895781949250E-007
   3.7181539176333499E-005   1.4548466754655449E-007
   3.9087968288827517E-005   1.5294418209644671E-007
   4.1092142094171267E-005   1.6078615414158759E-007
   4.3199072067967883E-005   1.6903019269737520E-007
   4.5414026629458447E-005   1.7769691215494149E-007
   4.7742544315281593E-005   1.8680798382786889E-007
   5.0190447628663986E-005   1.9638619014176414E-007
   5.2763857598671151E-005   2.0645548160219077E-007
   5.5469209085924396E-005   2.1704103668341007E-007
   5.8313266873055280E-005   2.2816932478768349E-007
   6.1303142580131843E-005   2.3986817243256758E-007
   6.4446312447353349E-005   2.5216683283170415E-007
   6.7750636029479118E-005   2.6509605904309387E-007
   7.1224375848736256E-005   2.7868818086776215E-007
   7.4876218055348252E-005   2.9297718569110374E-007
   7.8715294147345906E-005   3.0799880346905233E-007
   8.2751203803970209E-005   3.2379059607158371E-007
   8.6994038889761638E-005   3.4039205120695876E-007
   9.1454408689357634E-005   3.5784468116156499E-007
   9.6143466436097243E-005   3.7619212660225887E-007
   1.0107293720076666E-004   3.9548026570076725E-007
   1.0625514721022055E-004   4.1575732885301698E-007
   1.1170305466918998E-004   4.3707401928025059E-007
   1.1743028216234466E-004   4.5948363981349325E-007
   1.2345115071763058E-004   4.8304222617839831E-007
   1.2978071561605651E-004   5.0780868711375387E-007
   1.3643480403746931E-004   5.3384495167401766E-007
   1.4343005463645080E-004   5.6121612408421536E-007
   1.5078395914729269E-004   5.8999064653442000E-007
   1.5851490612208010E-004   6.2024047032088071E-007
   1.6664222691124933E-004   6.5204123576174852E-007
   1.7518624400158914E-004   6.8547246133727443E-007
   1.8416832183255384E-004   7.2061774252743706E-007
   1.9361092021794789E-004   7.5756496084419074E-007
   2.0353765050656043E-004   7.9640650358102796E-007
   2.1397333462217427E-004   8.3723949482934194E-007
   2.2494406713057278E-004   8.8016603833925226E-007
   2.3647728048873770E-004   9.2529347283217143E-007
   2.4860181363938708E-004   9.7273464040352639E-007
   2.6134798412236502E-004   1.0226081686867817E-006
   2.7474766388319206E-004   1.0750387674843241E-006
   2.8883435896832253E-004   1.1301575406069348E-006
   3.0364329330638019E-004   1.1881023137016151E-006
   3.1921149678485215E-004   1.2490179788875053E-006
   3.3557789784246681E-004   1.3130568570616639E-006
   3.5278342080876529E-004   1.3803790787806608E-006
   3.7087108823425258E-004   1.4511529846703913E-006
   3.8988612846698221E-004   1.5255555463653363E-006
   4.0987608874455331E-004   1.6037728090298418E-006
   4.3089095408428360E-004   1.6860003565679526E-006
   4.5298327226881747E-004   1.7724438006850591E-006
   4.7620828523967150E-004   1.8633192950242770E-006
   5.0062406722723276E-004   1.9588540756631586E-006
   5.2629166996257437E-004   2.0592870293222670E-006
   5.5327527533415130E-004   2.1648692907064255E-006
   5.8164235587105273E-004   2.2758648704723076E-006
   6.1146384345405630E-004   2.3925513153926170E-006
   6.4281430667629180E-004   2.5152204023676070E-006
   6.7577213729695185E-004   2.6441788680193323E-006
   7.1041974625421164E-004   2.7797491756929983E-006
   7.4684376972742380E-004   2.9222703217833155E-006
   7.8513528576376179E-004   3.0720986834020812E-006
   8.2539004201091174E-004   3.2296089095066189E-006
   8.6770869512515657E-004   3.3951948577173425E-006
   9.1219706245339403E-004   3.5692705791669900E-006
   9.5896638661829782E-004   3.7522713538441549E-006
   1.0081336136680938E-003   3.9446547790200163E-006
   1.0598216854863225E-003   4.1469019134799048E-006
   1.1141598471925993E-003   4.3595184804208725E-006
   1.1712839703028560E-003   4.5830361320231437E-006
   1.2313368924569336E-003   4.8180137788575295E-006
   1.2944687745628013E-003   5.0650389874530202E-006
   1.3608374762502052E-003   5.3247294495192028E-006
   1.4306089505723072E-003   5.5977345264973192E-006
   1.5039576589419793E-003   5.8847368733021578E-006
   1.5810670073399750E-003   6.1864541453149700E-006
   1.6621298048853680E-003   6.5036407928957835E-006
   1.7473487459145217E-003   6.8370899479023402E-006
   1.8369369167735886E-003   7.1876354069329190E-006
   1.9311183285912973E-003   7.5561537162521990E-006
   2.0301284773636963E-003   7.9435663636135633E-006
   2.1342149327507540E-003   8.3508420824585249E-006
   2.2436379570564460E-003   8.7789992742550050E-006
   2.3586711559393761E-003   9.2291085550315267E-006
   2.4796021624802328E-003   9.7022954324750362E-006
   2.6067333563156939E-003   1.0199743120286448E-005
   2.7403826196360196E-003   1.0722695496831301E-005
   2.8808841319355911E-003   1.1272460215483662E-005
   3.0285892055024930E-003   1.1850411974440793E-005
   3.1838671637349318E-003   1.2457995954184793E-005
   3.3471062644792574E-003   1.3096731431186673E-005
   3.5187146706967365E-003   1.3768215576888993E-005
   3.6991214708844483E-003   1.4474127451466535E-005
   3.8887777517998159E-003   1.5216232202351437E-005
   4.0881577261689004E-003   1.5996385478021320E-005
   4.2977599181958171E-003   1.6816538068087207E-005
   4.5181084098348560E-003   1.7678740781283797E-005
   4.7497541509385508E-003   1.8585149573559687E-005
   4.9932763365542962E-003   1.9538030939090382E-005
   5.2492838548096193E-003   2.0539767577694470E-005
   5.5184168090023017E-003   2.1592864352824442E-005
   5.8013481176965509E-003   2.2699954555030231E-005
   6.0987851968209517E-003   2.3863806486557395E-005
   6.4114717279683004E-003   2.5087330383544916E-005
   6.7401895173122076E-003   2.6373585693131581E-005
   7.0857604497811724E-003   2.7725788723667710E-005
   7.4490485433679286E-003   2.9147320687161522E-005
   7.8309621087012341E-003   3.0641736154070665E-005
   8.2324560192690473E-003   3.2212771941580037E-005
   8.6545340979572831E-003   3.3864356457591512E-005
   9.0982516258572930E-003   3.5600619523790170E-005
   9.5647179795988468E-003   3.7425902702349971E-005
   1.0055099403784198E-002   3.9344770152100921E-005
   1.0570621925433588E-002   4.1362020041303837E-005
   1.1112574417703995E-002   4.3482696545570620E-005
   1.1682311820511783E-002   4.5712102460931082E-005
   1.2281258526076772E-002   4.8055812463585456E-005
   1.2910911937811270E-002   5.0519687049499116E-005
   1.3572846211402749E-002   5.3109887188695429E-005
   1.4268716187384808E-002   5.5832889730890468E-005
   1.5000261524957322E-002   5.8695503600991366E-005
   1.5769311047304925E-002   6.1704886824955719E-005
   1.6577787309172722E-002   6.4868564428585457E-005
   1.7427711397990184E-002   6.8194447254011527E-005
   1.8321207980388405E-002   7.1690851740920415E-005
   1.9260510606532163E-002   7.5366520721985763E-005
   2.0247967285285738E-002   7.9230645284504648E-005
   2.1286046343849212E-002   8.3292887752904027E-005
   2.2377342586138011E-002   8.7563405849585277E-005
   2.3524583764830149E-002   9.2052878094521932E-005
   2.4730637382669056E-002   9.6772530507122635E-005
   2.5998517839279509E-002   1.0173416467712785E-004
   2.7331393940422971E-002   1.0695018727473219E-004
   2.8732596787276261E-002   1.1243364107372332E-004
   3.0205628063951346E-002   1.1819823756521093E-004
   3.1754168742066623E-002   1.2425839124349770E-004
   3.3382088221708558E-002   1.3062925564982409E-004
   3.5093453928558380E-002   1.3732676126411582E-004
   3.6892541387262334E-002   1.4436765533948278E-004
   3.8783844791247343E-002   1.5176954377907608E-004
   4.0772088089063185E-002   1.5955093516001792E-004
   4.2862236606884402E-002   1.6773128701448643E-004
   4.5059509225926650E-002   1.7633105448368249E-004
   4.7369391132086526E-002   1.8537174146633897E-004
   4.9797647152929655E-002   1.9487595438966987E-004
   5.2350335694007828E-002   2.0486745873721541E-004
   5.5033823282100332E-002   2.1537123847493127E-004
   5.7854799716990375E-002   2.2641355852411930E-004
   6.0820293825345526E-002   2.3802203043741318E-004
   6.3937689799595451E-002   2.5022568144204431E-004
   6.7214744090654227E-002   2.6305502702303186E-004
   7.0659602804989965E-002   2.7654214722779220E-004
   7.4280819532732120E-002   2.9072076688296979E-004
   7.8087373502750121E-002   3.0562633992407237E-004
   8.2088687921094042E-002   3.2129613804878019E-004
   8.6294648298549215E-002   3.3776934391560625E-004
   9.0715620508469902E-002   3.5508714912095514E-004
   9.5362468233985961E-002   3.7329285719957305E-004
  0.10024656935981255        3.9243199190594328E-004
  0.10537983073300576        4.1255241104738840E-004
  0.11077470055285210        4.3370442615352006E-004
  0.11644417744532172        4.5594092828127276E-004
  0.12240181502374668        4.7931752027010011E-004
  0.12866172042527815        5.0389265577803933E-004
  0.13523854493241497        5.2972778544630892E-004
  0.14214746433097189        5.5688751055792270E-004
  0.14940414611253203        5.8543974457455370E-004
  0.15702469999704158        6.1545588295556586E-004
  0.16502560753382459        6.4701098168385731E-004
  0.17342362575398382        6.8018394494491767E-004
  0.18223565903143898        7.1505772242839722E-004
  0.19147859253151045        7.5171951674554347E-004
  0.20116907999503930        7.9026100148115765E-004
  0.21132327828798866        8.3077855042531460E-004
  0.22195652137370056        8.7337347855804333E-004
  0.23308292744164674        9.1815229538955785E-004
  0.24471493521828458        9.6522697128951845E-004
  0.25686276938285885        1.0147152174712880E-003
  0.26953384085230858        1.0667407803312853E-003
  0.28273209564652885        1.1214337508794439E-003
  0.29645733591215961        1.1789308900345072E-003
  0.31070454774868839        1.2393759705975700E-003
  0.32546328134799007        1.3029201367589826E-003
  0.34071713755800187        1.3697222820375622E-003
  0.35644341882103203        1.4399494465971686E-003
  0.37261299914980522        1.5137772349341312E-003
  0.38919045591961526        1.5913902549799734E-003
  0.40613448596571627        1.6729825797174112E-003
  0.42339860205392438        1.7587582324639136E-003
  0.44093207736124468        1.8489316970362831E-003
  0.45868108019563614        1.9437284540719313E-003
  0.47658992337715322        2.0433855448479393E-003
  0.49460234534192060        2.1481521640077357E-003
  0.51266274354810681        2.2582902826775234E-003
  0.53071729331542461        2.3740753035305698E-003
  0.54871490349939134        2.4957967494373626E-003
  0.56660798066736973        2.6237589874236107E-003
  0.58435299250196482        2.7582819897463712E-003
  0.60191083685211522        2.8997021339913802E-003
  0.61924703417977334        3.0483730441922545E-003
  0.63633176806471869        3.2046664750747969E-003
  0.65313980151421636        3.3689732416374760E-003
  0.66965029696032352        3.5417041963925170E-003
  0.68584656594682902        3.7232912567112192E-003
  0.70171577143583030        3.9141884848423909E-003
  0.71724860205121932        4.1148732233045127E-003
  0.73243893388615755        4.3258472884907112E-003
  0.74728349203146216        4.5476382254711597E-003
  0.76178152089800955        4.7808006271305818E-003
  0.77593446978044900        5.0259175209393754E-003
  0.78974569795035976        5.2836018268260206E-003
  0.80322020184510035        5.5544978897962031E-003
  0.81636436558463688        5.8392830911309966E-003
  0.82918573504536419        6.1386695421929514E-003
  0.84169281498997595        6.4534058650754763E-003
  0.85389488824257020        6.7842790645480664E-003
  0.86580185556149236        7.1321164959782185E-003
  0.87742409465906979        7.4977879341508622E-003
  0.88877233671447298        7.8822077481584280E-003
  0.89985755869686712        8.2863371877999296E-003
  0.91069088983978508        8.7111867872062161E-003
  0.92128353066800484        9.1578188917017453E-003
  0.93164668306276521        9.6273503142213189E-003
  0.94179148995078399        1.0120955127924229E-002
  0.95172898331062250        1.0639867601988791E-002
  0.96147003930196839        1.1185385287928279E-002
  0.97102533943638869        1.1758872264145679E-002
  0.98040533682036390        1.2361762546840304E-002
  0.98962022661210225        1.2995563675795354E-002
  0.99867991994268501        1.3661860484012717E-002
   1.0075940206597835        1.4362319060621114E-002
   1.0163718043591055        1.5098690916966851E-002
   1.0250221992754769        1.5872817366304654E-002
   1.0335537687125307        1.6686634128040025E-002
   1.0419746947974697        1.7542176168036182E-002
   1.0502927634549930        1.8441582787088833E-002
   1.0585153506011100        1.9387102970292634E-002
   1.0666494096613977        2.0381101010675536E-002
   1.0747014606164478        2.1426062421163048E-002
   1.0826775808661147        2.2524600149655367E-002
   1.0905833982790714        2.3679461112758350E-002
   1.0984240868499933        2.4893533064506049E-002
   1.1062043654179288        2.6169851817250164E-002
   1.1139284999010250        2.7511608832772438E-002
   1.1216003094706568        2.8922159202601699E-002
   1.1292231770197867        3.0405030037490541E-002
   1.1368000641762996        3.1963929287029631E-002
   1.1443335309753306        3.3602755011453371E-002
   1.1518257601420103        3.5325605128821179E-002
   1.1592785857576744        3.7136787661947425E-002
   1.1666935259013400        3.9040831510702784E-002
   1.1740718186888228        4.1042497776623207E-002
   1.1814144609891652        4.3146791668144099E-002
   1.1887222489955713        4.5358975016228840E-002
   1.1959958197760061        4.7684579431687385E-002
   1.2032356929326378        5.0129420137084955E-002
   1.2104423115593859        5.2699610507827926E-002
   1.2176160817973096        5.5401577358787119E-002
   1.2247574104376773        5.8242077014683001E-002
   1.2318667401978840        6.1228212204417223E-002
   1.2389445824796936        6.4367449821595049E-002
   1.2459915475966370        6.7667639595649295E-002
   1.2530083726140473        7.1137033720253137E-002
   1.2599959470711204        7.4784307488103385E-002
   1.2669553369439892        7.8618580983671582E-002
   1.2738878072612319        8.2649441888166322E-002
   1.2807948438015921        8.6886969453730950E-002
   1.2876781742941290        9.1341759706824774E-002
   1.2945397895112662        9.6024951943809222E-002
   1.3013819646032625       0.10094825658499168     
   1.3082072809754852       0.10612398445677694     
   1.3150186489627338       0.11156507757514651     
   1.3218193315104947       0.11728514150744071     
   1.3286129690317314       0.12329847939336487     
   1.3354036055673379       0.12962012771028983     
   1.3421957163341534       0.13626589387227869     
   1.3489942366895611       0.14325239575685672     
   1.3558045924669808       0.15059710325836245     
   1.3626327315300293       0.15831838197178444     
   1.3694851562394590       0.16643553911631614     
   1.3763689563062895       0.17496887181346230     
   1.3832918411911170       0.18393971784041632     
   1.3902621707698599       0.19337050898561925     
   1.3972889823768260       0.20328482713991677     
   1.4043820115014869       0.21370746326357135     
   1.4115517022861535       0.22466447937657763     
   1.4188092024633727       0.23618327372728970     
   1.4261663353867384       0.24829264930231493     
   1.4336355392433238       0.26102288584898548     
   1.4412297602978743       0.27440581559050098     
   1.4489622830614644       0.28847490282306965     
   1.4568464756612460       0.30326532759408176     
   1.4648954236846266       0.31881407367055542     
   1.4731214210169854       0.33516002101782094     
   1.4815352829211375       0.35234404301968869     
   1.4901454467958781       0.37040910868320143     
   1.4989568332451506       0.38940039008353694     
   1.5079694554249508       0.40936537531772832     
   1.5171768097746297       0.43035398724964558     
   1.5265640509565939       0.45241870834316256     
   1.5361065022991176       0.47561471189565774     
   1.5457661238396787       0.50000000000000000     
   1.5550270997846820       0.52438528810434226     
   1.5634516526163220       0.54758129165683744     
   1.5711040934302956       0.56964601275035442     
   1.5780441468396595       0.59063462468227168     
   1.5843286301867050       0.61059960991646300     
   1.5900105563261981       0.62959089131679857     
   1.5951385944320970       0.64765595698031131     
   1.5997565857090612       0.66483997898217906     
   1.6039032045090524       0.68118592632944464     
   1.6076117093802025       0.69673467240591824     
   1.6109097091390967       0.71152509717693035     
   1.6138187768656556       0.72559418440949908     
   1.6163539364830553       0.73897711415101452     
   1.6185213296792633       0.75170735069768513     
   1.6203205429106411       0.76381672627271024     
   1.6217066764953609       0.77533552062342237     
   1.6227434474178442       0.78629253673642863     
   1.6225343468770668       0.79671517286008320     
   1.6214963360053547       0.80662949101438075     
   1.6201981009922677       0.81606028215958371     
   1.6186579033189457       0.82503112818653768     
   1.6169346611491064       0.83356446088368386     
   1.6150580807227066       0.84168161802821562     
   1.6130508182820265       0.84940289674163760     
   1.6109294299873802       0.85674760424314322     
   1.6087066834048940       0.86373410612772128     
   1.6063926231894745       0.87037987228971014     
   1.6039953134194171       0.87670152060663509     
   1.6015213282828342       0.88271485849255926     
   1.5989760967975901       0.88843492242485345     
   1.5963641497035257       0.89387601554322305     
   1.5936892996676277       0.89905174341500826     
   1.5909547741153356       0.90397504805619078     
   1.5881633134781794       0.90865824029317521     
   1.5853172435991234       0.91311303054626902     
   1.5824185284999566       0.91735055811183364     
   1.5794688080703210       0.92138141901632842     
   1.5764694241443624       0.92521569251189661     
   1.5734214376809239       0.92886296627974685     
   1.5703256392288705       0.93233236040435075     
   1.5671825544598434       0.93563255017840496     
   1.5639924462356705       0.93877178779558279     
   1.5607553144154787       0.94175792298531702     
   1.5574708943799382       0.94459842264121285     
   1.5541386550473670       0.94730038949217221     
   1.5507577969745823       0.94987057986291512     
   1.5473272509736502       0.95231542056831264     
   1.5438456775348393       0.95464102498377112     
   1.5403114672273968       0.95685320833185594     
   1.5367227421540866       0.95895750222337683     
   1.5330773584627964       0.96095916848929708     
   1.5293729098681865       0.96286321233805272     
   1.5256067321065807       0.96467439487117879     
   1.5217759082358211       0.96639724498854673     
   1.5178772746960041       0.96803607071297026     
   1.5139074280639875       0.96959496996250949     
   1.5098627324617160       0.97107784079739823     
   1.5057393276132409       0.97248839116722752     
   1.5015331375858436       0.97383014818274971     
   1.4972398802951852       0.97510646693549385     
   1.4928550779017995       0.97632053888724157     
   1.4883740682756508       0.97747539985034460     
   1.4837920177564561       0.97857393757883682     
   1.4791039354898352       0.97961889898932453     
   1.4743046896730332       0.98061289702970722     
   1.4693890260990454       0.98155841721291104     
   1.4643515894445569       0.98245782383196367     
   1.4591869478049804       0.98331336587195994     
   1.4538896210389802       0.98412718263369536     
   1.4484541135443598       0.98490130908303319     
   1.4428749521461157       0.98563768093937898     
   1.4371467298340068       0.98633813951598737     
   1.4312641561385244       0.98700443632420465     
   1.4252221149770112       0.98763823745315982     
   1.4190157308307481       0.98824112773585449     
   1.4126404441222906       0.98881461471207166     
   1.4060920966412824       0.98936013239801113     
   1.3993670278049617       0.98987904487207579     
   1.3924621824220649       0.99037264968577876     
   1.3853752304382543       0.99084218110829825     
   1.3781046988559320       0.99128881321279372     
   1.3706501156164494       0.99171366281220019     
   1.3630121646802547       0.99211779225184160     
   1.3551928508104185       0.99250221206584910     
   1.3471956716285449       0.99286788350402166     
   1.3390257933453529       0.99321572093545185     
   1.3306902251599002       0.99354659413492452     
   1.3221979856824286       0.99386133045780700     
   1.3135602529129220       0.99416071690886887     
   1.3047904874009291       0.99444550211020388     
   1.2959045163937721       0.99471639817317414     
   1.2869205653110154       0.99497408247906072     
   1.2778592221202030       0.99521919937286940     
   1.2687433205740202       0.99545236177452889     
   1.2595977302827890       0.99567415271150927     
   1.2504490456661554       0.99588512677669550     
   1.2413251721898906       0.99608581151515752     
   1.2322548168157674       0.99627670874328877     
   1.2232668996212201       0.99645829580360745     
   1.2143899138309284       0.99663102675836246     
   1.2056512703097415       0.99679533352492511     
   1.1970766679969547       0.99695162695580763     
   1.1886895322610984       0.99710029786600873     
   1.1805105580434776       0.99724171801025352     
   1.1725573844722079       0.99737624101257638     
   1.1648444140825054       0.99750420325056266     
   1.1573827753240808       0.99762592469646938     
   1.1501804141812646       0.99774170971732234     
   1.1432422913672122       0.99785184783599223     
   1.1365706565751321       0.99795661445515194     
   1.1301653705382741       0.99805627154592791     
   1.1240242482740204       0.99815106830296363     
   1.1181434016165777       0.99824124176753604     
   1.1125175647491929       0.99832701742028274     
   1.1071403919569192       0.99840860974501988     
   1.1020047216123185       0.99848622276506593     
   1.0971028041876569       0.99856005055340291     
   1.0924264948097171       0.99863027771796242     
   1.0879674126507215       0.99869707986324097     
   1.0837170704580168       0.99876062402940258     
   1.0796669779653514       0.99882106910996549     
   1.0758087229760507       0.99887856624912053     
   1.0721340337102550       0.99893325921966869     
   1.0686348256715610       0.99898528478252879     
   1.0653032358914518       0.99903477302871035     
   1.0621316470022049       0.99908184770461039     
   1.0591127032011329       0.99912662652144191     
   1.0562393198169338       0.99916922144957465     
   1.0535046878810415       0.99920973899851873     
   1.0509022748422983       0.99924828048325443     
   1.0484258223415559       0.99928494227757148     
   1.0460693417784799       0.99931981605505504     
   1.0438271082521733       0.99935298901831604     
   1.0416936533341448       0.99938454411704447     
   1.0396637570337954       0.99941456025542541     
   1.0377324392364395       0.99944311248944206     
   1.0358949508314905       0.99947027221455365     
   1.0341467646972951       0.99949610734422201     
   1.0324835666700110       0.99952068247972981     
   1.0309012465920913       0.99954405907171873     
   1.0293958895117314       0.99956629557384657     
   1.0279637670850785       0.99958744758895257     
   1.0266013292180407       0.99960756800809403     
   1.0253051959732060       0.99962670714280044     
   1.0240721497578003       0.99964491285087897     
   1.0228991278021746       0.99966223065608451     
   1.0217832149329404       0.99967870386195135     
   1.0207216366405276       0.99969437366007596     
   1.0197117524384518       0.99970927923311703     
   1.0187510495089915       0.99972345785277206     
   1.0178371366284822       0.99973694497297694     
   1.0169677383643565       0.99974977431855794     
   1.0161406895350957       0.99976197796956257     
   1.0153539299240748       0.99977358644147585     
   1.0146054992377249       0.99978462876152507     
   1.0138935322984377       0.99979513254126262     
   1.0132162544626397       0.99980512404561028     
   1.0125719772547446       0.99981462825853373     
   1.0119590942073773       0.99982366894551644     
   1.0113760768991378       0.99983226871298536     
   1.0108214711808294       0.99984044906484004     
   1.0102938935819950       0.99984823045622095     
   1.0097920278890371       0.99985563234466057     
   1.0093146218875246       0.99986267323873590     
   1.0088604842607090       0.99986937074435012     
   1.0084284816371412       0.99987574160875647     
   1.0080175357803844       0.99988180176243480     
   1.0076266209140690       0.99988756635892617     
   1.0072547611758582       0.99989304981272520     
   1.0069010281944382       0.99989826583532271     
   1.0065645387833173       0.99990322746949289     
   1.0062444527462933       0.99990794712190545     
   1.0059399707887877       0.99991243659415030     
   1.0056503325304280       0.99991670711224712     
   1.0053748146137671       0.99992076935471552     
   1.0051127289045463       0.99992463347927807     
   1.0048634207791882       0.99992830914825914     
   1.0046262674952788       0.99993180555274597     
   1.0044006766410547       0.99993513143557144     
   1.0041860846600761       0.99993829511317511     
   1.0039819554474911       0.99994130449639906     
   1.0037877790143988       0.99994416711026912     
   1.0036030702170124       0.99994689011281146     
   1.0034273675476477       0.99994948031295061     
   1.0032602319842299       0.99995194418753652     
   1.0031012458958852       0.99995428789753893     
   1.0029500120015102       0.99995651730345436     
   1.0028061523791556       0.99995863797995865     
   1.0026693075233635       0.99996065522984789     
   1.0025391354484465       0.99996257409729761     
   1.0024153108353040       0.99996439938047621     
   1.0022975242197876       0.99996613564354242     
   1.0021854812204427       0.99996778722805857     
   1.0020789018039531       0.99996935826384603     
   1.0019775195861493       0.99997085267931285     
   1.0018810811671748       0.99997227421127632     
   1.0017893454989029       0.99997362641430676     
   1.0017020832831842       0.99997491266961658     
   1.0016190763994348       0.99997613619351333     
   1.0015401173598861       0.99997730004544483     
   1.0014650087915984       0.99997840713564734     
   1.0013935629436048       0.99997946023242235     
   1.0013256012179141       0.99998046196906076     
   1.0012609537235309       0.99998141485042646     
   1.0011994588521851       0.99998232125921860     
   1.0011409628745369       0.99998318346193193     
   1.0010853195563063       0.99998400361452200     
   1.0010323897928641       0.99998478376779776     
   1.0009820412618140       0.99998552587254852     
   1.0009341480923248       0.99998623178442314     
   1.0008885905507461       0.99998690326856887     
   1.0008452547413835       0.99998754200404594     
   1.0008040323219671       0.99998814958802562     
   1.0007648202329027       0.99998872753978441     
   1.0007275204397512       0.99998927730450304     
   1.0006920396882841       0.99998980025687967     
   1.0006582892714295       0.99999029770456749     
   1.0006261848075715       0.99999077089144495     
   1.0005956460297170       0.99999122100072579     
   1.0005665965848507       0.99999164915791749     
   1.0005389638431168       0.99999205643363642     
   1.0005126787163499       0.99999244384628361     
   1.0004876754852960       0.99999281236459303     
   1.0004638916354716       0.99999316291005214     
   1.0004412677008270       0.99999349635920709     
   1.0004197471151381       0.99999381354585470     
   1.0003992760706226       0.99999411526312654     
   1.0003798033833962       0.99999440226547365     
   1.0003612803656454       0.99999467527055053     
   1.0003436607037688       0.99999493496101255     
   1.0003269003427069       0.99999518198622117     
   1.0003109573758040       0.99999541696386796     
   1.0002957919400133       0.99999564048151945     
   1.0002813661162648       0.99999585309808636     
   1.0002676438346811       0.99999605534522096     
   1.0002545907843963       0.99999624772864615     
   1.0002421743277958       0.99999643072942079     
   1.0002303634188765       0.99999660480514230     
   1.0002191285257016       0.99999677039109047     
   1.0002084415565147       0.99999692790131656     
   1.0001982757895240       0.99999707772967816     
   1.0001886058061056       0.99999722025082427     
   1.0001794074272459       0.99999735582113214     
   1.0001706576531335       0.99999748477959749     
   1.0001623346055339       0.99999760744868460     
   1.0001544174732431       0.99999772413512955     
   1.0001468864599798       0.99999783513070928     
   1.0001397227348765       0.99999794071297055     
   1.0001329083854176       0.99999804114592428     
   1.0001264263726801       0.99999813668070503     
   1.0001202604887094       0.99999822755619938     
   1.0001143953159648       0.99999831399964356     
   1.0001088161888467       0.99999839622719089     
   1.0001035091569366       0.99999847444445356     
   1.0000984609501893       0.99999854884701533     
   1.0000936589457385       0.99999861962092118     
   1.0000890911362996       0.99999868694314298     
   1.0000847461002105       0.99999875098202107     
   1.0000806129728042       0.99999881189768614     
   1.0000766814192739       0.99999886984245945     
   1.0000729416088801       0.99999892496123244     
   1.0000693841902735       0.99999897739183130     
   1.0000660002681976       0.99999902726535972     
   1.0000627813812195       0.99999907470652705     
   1.0000597194805319       0.99999911983396150     
   1.0000568069098807       0.99999916276050516     
   1.0000540363864345       0.99999920359349648     
   1.0000514009825101       0.99999924243503924     
   1.0000488941083105       0.99999927938225741     
   1.0000465094953905       0.99999931452753865     
   1.0000442411810497       0.99999934795876422     
   1.0000420834933672       0.99999937975952968     
   1.0000400310370647       0.99999941000935333     
   1.0000380786799525       0.99999943878387587     
   1.0000362215401764       0.99999946615504820     
   1.0000344549739477       0.99999949219131279     
   1.0000327745639745       0.99999951695777378     
   1.0000311761083753       0.99999954051636009     
   1.0000296556102093       0.99999956292598069     
   1.0000282092674744       0.99999958424267099     
   1.0000268334635485       0.99999960451973446     
   1.0000255247582746       0.99999962380787333     
   1.0000242798791852       0.99999964215531889     
   1.0000230957134713       0.99999965960794879     
   1.0000219693001071       0.99999967620940400     
   1.0000208978224885       0.99999969200119654     
   1.0000198786013852       0.99999970702281427     
   1.0000189090882070       0.99999972131181902     
   1.0000179868586696       0.99999973490394112     
   1.0000171096067600       0.99999974783316725     
   1.0000162751388868       0.99999976013182745     
   1.0000154813684305       0.99999977183067523     
   1.0000147263105936       0.99999978295896319     
   1.0000140080773068       0.99999979354451840     
   1.0000133248726495       0.99999980361380980     
   1.0000126749882421       0.99999981319201614     
   1.0000120567990518       0.99999982230308782     
   1.0000114687592687       0.99999983096980727     
   1.0000109093985117       0.99999983921384583     
   1.0000103773180753       0.99999984705581790     
   1.0000098711874923       0.99999985451533235     
   1.0000093897411675       0.99999986161104215     
   1.0000089317752368       0.99999986836069021     
   1.0000084961445732       0.99999987478115371     
   1.0000080817598469       0.99999988088848768     
   1.0000076875849004       0.99999988669796325     
   1.0000073126340667       0.99999989222410768     
   1.0000069559698008       0.99999989748073870     
   1.0000066167002533       0.99999990248100068     
   1.0000062939770469       0.99999990723739740     
   1.0000059869932634       0.99999991176182135     
   1.0000056949812179       0.99999991606558714     
   1.0000054172107762       0.99999992015945549     
   1.0000051529873715       0.99999992405366323     
   1.0000049016502630       0.99999992775794866     
   1.0000046625710250       0.99999993128157372     
   1.0000044351518047       0.99999993463334969     
   1.0000042188239542       0.99999993782165741     
   1.0000040130465315       0.99999994085446964     
   1.0000038173049748       0.99999994373937007     
   1.0000036311098592       0.99999994648357204     
   1.0000034539955864       0.99999994909393775     
   1.0000032855192702       0.99999995157699439     
   1.0000031252596528       0.99999995393895080     
   1.0000029728159785       0.99999995618571336     
   1.0000028278070654       0.99999995832290012     
   1.0000026898703074       0.99999996035585514     
   1.0000025586608170       0.99999996228966159     
   1.0000024338504994       0.99999996412915504     
   1.0000023151272388       0.99999996587893547     
   1.0000022021941701       0.99999996754337828     
   1.0000020947689385       0.99999996912664479     
   1.0000019925828698       0.99999997063269497     
   1.0000018953804879       0.99999997206529401     
   1.0000018029187139       0.99999997342802438     
   1.0000017149663534       0.99999997472429369     
   1.0000016313034825       0.99999997595734313     
   1.0000015517209064       0.99999997713025590     
   1.0000014760196168       0.99999997824596509     
   1.0000014040103207       0.99999997930726048     
   1.0000013355129416       0.99999998031679616     
   1.0000012703562344       0.99999998127709600     
   1.0000012083772574       0.99999998219056141     
   1.0000011494210292       0.99999998305947668     
   1.0000010933401311       0.99999998388601430     
   1.0000010399943189       0.99999998467224149     
   1.0000009892502268       0.99999998542012369     
   1.0000009409809363       0.99999998613153152     
   1.0000008950657933       0.99999998680824309     
   1.0000008513899348       0.99999998745195151     
   1.0000008098441766       0.99999998806426571     
   1.0000007703246416       0.99999998864671691     
   1.0000007327324887       0.99999998920076172     
   1.0000006969737281       0.99999998972778548     
   1.0000006629589349       0.99999999022910602     
   1.0000006306030786       0.99999999070597667     
   1.0000005998252235       0.99999999115959026     
   1.0000005705484138       0.99999999159108099     
   1.0000005426994754       0.99999999200152723     
   1.0000005162087282       0.99999999239195614     
   1.0000004910099600       0.99999999276334339     
   1.0000004670401397       0.99999999311661802     
   1.0000004442393460       0.99999999345266322     
   1.0000004225505548       0.99999999377231930     
   1.0000004019195521       0.99999999407638551     
   1.0000003822947201       0.99999999436562237     
   1.0000003636270096       0.99999999464075284     
   1.0000003458697391       0.99999999490246494     
   1.0000003289784962       0.99999999515141336     
   1.0000003129110508       0.99999999538822038     
   1.0000002976272273       0.99999999561347808     
   1.0000002830887906       0.99999999582775012     
   1.0000002692594172       0.99999999603157175     
   1.0000002561044952       0.99999999622545299     
   1.0000002435911539       0.99999999640987847     
   1.0000002316880923       0.99999999658530947     
   1.0000002203655640       0.99999999675218443     
   1.0000002095952349       0.99999999691092090     
   1.0000001993501690       0.99999999706191589     
   1.0000001896047719       0.99999999720554655     
   1.0000001803346610       0.99999999734217238     
   1.0000001715166671       0.99999999747213464     
   1.0000001631287192       0.99999999759575886     
   1.0000001551498596       0.99999999771335368     
   1.0000001475601428       0.99999999782521332     
   1.0000001403405658       0.99999999793161765     
   1.0000001334730952       0.99999999803283257     
   1.0000001269405678       0.99999999812911100     
   1.0000001207266196       0.99999999822069408     
   1.0000001148157420       0.99999999830781050     
   1.0000001091931265       0.99999999839067832     
   1.0000001038447348       0.99999999846950460     
   1.0000000987571986       0.99999999854448629     
   1.0000000939177776       0.99999999861581113     
   1.0000000893143732       0.99999999868365752     
   1.0000000849354862       0.99999999874819490     
   1.0000000807701603       0.99999999880958479     
   1.0000000768079804       0.99999999886798063     
   1.0000000730390308       0.99999999892352864     
   1.0000000694538955       0.99999999897636738     
   1.0000000660436146       0.99999999902662917     
   1.0000000627996424       0.99999999907443982     
   1.0000000597138896       0.99999999911991866     
   1.0000000567786378       0.99999999916317928     
   1.0000000539865399       0.99999999920433003     
   1.0000000513305907       0.99999999924347427     
   1.0000000488041989       0.99999999928070904     
   1.0000000464010161       0.99999999931612782     
   1.0000000441150354       0.99999999934981931     
   1.0000000419405359       0.99999999938186779     
   1.0000000398720963       0.99999999941235307     
   1.0000000379045233       0.99999999944135176     
   1.0000000360329238       0.99999999946893592     
   1.0000000342526032       0.99999999949517482     
   1.0000000325591112       0.99999999952013408     
   1.0000000309482102       0.99999999954387597     
   1.0000000294158624       0.99999999956646024     
   1.0000000279582586       0.99999999958794283     
   1.0000000265717468       0.99999999960837771     
   1.0000000252528456       0.99999999962781605     
   1.0000000239982738       0.99999999964630626     
   1.0000000228048782       0.99999999966389486     
   1.0000000216696918       0.99999999968062558     
   1.0000000205898751       0.99999999969654030     
   1.0000000195627174       0.99999999971167886     
   1.0000000185856506       0.99999999972607923     
   1.0000000176562494       0.99999999973977693     
   1.0000000167721597       0.99999999975280696     
   1.0000000159311988       0.99999999976520126     
   1.0000000151312407       0.99999999977699128     
   1.0000000143703029       0.99999999978820620     
   1.0000000136464733       0.99999999979887422     
   1.0000000129579536       0.99999999980902188     
   1.0000000123030184       0.99999999981867449     
   1.0000000116800123       0.99999999982785659     
   1.0000000110873946       0.99999999983659071     
   1.0000000105236670       0.99999999984489907     
   1.0000000099874462       0.99999999985280208     
   1.0000000094773764       0.99999999986031962     
   1.0000000089921879       0.99999999986747046     
   1.0000000085306537       0.99999999987427268     
   1.0000000080916185       0.99999999988074328     
   1.0000000076740123       0.99999999988689814     
   1.0000000072767650       0.99999999989275290     
   1.0000000068988921       0.99999999989832211     
   1.0000000065394525       0.99999999990361965     
   1.0000000061975469       0.99999999990865873     
   1.0000000058723051       0.99999999991345223     
   1.0000000055629419       0.99999999991801169     
   1.0000000052686444       0.99999999992234911     
   1.0000000049887137       0.99999999992647481     
   1.0000000047224364       0.99999999993039934     
   1.0000000044691422       0.99999999993413247     
   1.0000000042282029       0.99999999993768351     
   1.0000000039990053       0.99999999994106148     
   1.0000000037809933       0.99999999994427458     
   1.0000000035736099       0.99999999994733102     
   1.0000000033763414       0.99999999995023847     
   1.0000000031887031       0.99999999995300393     
   1.0000000030102103       0.99999999995563460     
   1.0000000028404203       0.99999999995813704     
   1.0000000026789193       0.99999999996051725     
   1.0000000025252935       0.99999999996278144     
   1.0000000023791438       0.99999999996493549     
   1.0000000022401418       0.99999999996698408     
   1.0000000021079023       0.99999999996893307     
   1.0000000019821254       0.99999999997078681     
   1.0000000018624686       0.99999999997255040     
   1.0000000017486614       0.99999999997422773     
   1.0000000016404038       0.99999999997582323     
   1.0000000015374253       0.99999999997734090     
   1.0000000014394685       0.99999999997878464     
   1.0000000013462769       0.99999999998015809     
   1.0000000012576362       0.99999999998146449     
   1.0000000011733186       0.99999999998270728     
   1.0000000010931240       0.99999999998388911     
   1.0000000010168391       0.99999999998501343     
   1.0000000009442640       0.99999999998608313     
   1.0000000008752270       0.99999999998710054     
   1.0000000008095715       0.99999999998806821     
   1.0000000007471117       0.99999999998898881     
   1.0000000006876910       0.99999999998986455     
   1.0000000006311807       0.99999999999069744     
   1.0000000005774095       0.99999999999148992     
   1.0000000005262772       0.99999999999224354     
   1.0000000004776273       0.99999999999296063     
   1.0000000004313601       0.99999999999364253     
   1.0000000003873468       0.99999999999429123     
   1.0000000003454736       0.99999999999490830     
   1.0000000003056548       0.99999999999549516     
   1.0000000002677620       0.99999999999605371     
   1.0000000002317242       0.99999999999658484     
   1.0000000001974412       0.99999999999709011     
   1.0000000001648419       0.99999999999757050     
   1.0000000001338263       0.99999999999802769     
   1.0000000001043230       0.99999999999846256     
   1.0000000000762466       0.99999999999887634     
   1.0000000000495539       0.99999999999926970     
   1.0000000000241598       0.99999999999964406     
