   3.7409849483070867E-011   3.5602492699691204E-013
   7.6737742993680024E-011   7.3030364261700754E-013
   1.1808202075352522E-010   1.1237720386303144E-012
   1.6154606499535742E-010   1.5374139910047252E-012
   2.0723855847242780E-010   1.9722638201084793E-012
   2.5527375622198882E-010   2.4294088770499111E-012
   3.0577177126240799E-010   2.9099922626216698E-012
   3.5885887493828854E-010   3.4152156856482169E-012
   4.1466781266460972E-010   3.9463424678839018E-012
   4.7333813585942040E-010   4.5047007029754898E-012
   5.3501655089508192E-010   5.0916865773881445E-012
   5.9985728594062671E-010   5.7087678615989351E-012
   6.6802247661252615E-010   6.3574875802876729E-012
   7.3968257139819595E-010   7.0394678707024426E-012
   8.1501675786601059E-010   7.7564140388477833E-012
   8.9421341072757157E-010   8.5101188236380793E-012
   9.7747056287262078E-010   9.3024668796787753E-012
   1.0649964005544298E-009   1.0135439489884700E-011
   1.1570097839638888E-009   1.1011119519719513E-011
   1.2537407944939981E-009   1.1931696625444431E-011
   1.3554313100632121E-009   1.2899472729399580E-011
   1.4623356099362430E-009   1.3916867776009048E-011
   1.5747210105546867E-009   1.4986425782902603E-011
   1.6928685339673886E-009   1.6110821202285082E-011
   1.8170736105319629E-009   1.7292865608460173E-011
   1.9476468176445919E-009   1.8535514728230854E-011
   2.0849146563453093E-009   1.9841875831756194E-011
   2.2292203677406956E-009   2.1215215502345486E-011
   2.3809247912854516E-009   2.2658967804618260E-011
   2.5404072670690186E-009   2.4176742871454803E-011
   2.7080665843634156E-009   2.5772335931209052E-011
   2.8843219788041739E-009   2.7449736797756637E-011
   3.0696141806978213E-009   2.9213139847108044E-011
   3.2644065170772488E-009   3.1066954505533727E-011
   3.4691860702606659E-009   3.3015816275426860E-011
   3.6844648958111353E-009   3.5064598326474182E-011
   3.9107813029422459E-009   3.7218423681118950E-011
   4.1487012005715689E-009   3.9482678024785837E-011
   4.3988195123877689E-009   4.1863023172900198E-011
   4.6617616644697447E-009   4.4365411228376145E-011
   4.9381851491776489E-009   4.6996099464974639E-011
   5.2287811692263035E-009   4.9761665973747546E-011
   5.5342763660520715E-009   5.2669026111692212E-011
   5.8554346367949910E-009   5.5725449793746458E-011
   6.1930590444395780E-009   5.8938579671363236E-011
   6.5479938258906372E-009   6.2316450243120690E-011
   6.9211265030053384E-009   6.5867507945154213E-011
   7.3133901018602036E-009   6.9600632271646915E-011
   7.7257654858023668E-009   7.3525157978190892E-011
   8.1592838081189133E-009   7.7650898423539195E-011
   8.6150290904572729E-009   8.1988170108114919E-011
   9.0941409334440724E-009   8.6547818470636735E-011
   9.5978173662803552E-009   9.1341245007365558E-011
   1.0127317842438725E-008   9.6380435781784908E-011
   1.0683966388953103E-008   1.0167799139600365E-010
   1.1269154917176096E-008   1.0724715849882572E-010
   1.1884346703282448E-008   1.1310186290927285E-010
   1.2531080047221811E-008   1.1925674443838687E-010
   1.3210972119269969E-008   1.2572719349638397E-010
   1.3925723003797012E-008   1.3252938957669785E-010
   1.4677119950363872E-008   1.3968034171314199E-010
   1.5467041842777323E-008   1.4719793101135512E-010
   1.6297463897278292E-008   1.5510095536088052E-010
   1.7170462601611437E-008   1.6340917643968260E-010
   1.8088220907326235E-008   1.7214336912863673E-010
   1.9053033688293083E-008   1.8132537345955412E-010
   2.0067313479083470E-008   1.9097814922663894E-010
   2.1133596507563192E-008   2.0112583339793472E-010
   2.2254549036783264E-008   2.1179380047031874E-010
   2.3432974032026525E-008   2.2300872591896294E-010
   2.4671818169681021E-008   2.3479865289991872E-010
   2.5974179205466032E-008   2.4719306237261589E-010
   2.7343313720435144E-008   2.6022294681761963E-010
   2.8782645264125364E-008   2.7392088773397744E-010
   3.0295772915214443E-008   2.8832113710993987E-010
   3.1886480281092482E-008   3.0345970307077522E-010
   3.3558744958851442E-008   3.1937443991784073E-010
   3.5316748481349981E-008   3.3610514278405652E-010
   3.7164886773223925E-008   3.5369364714246913E-010
   3.9107781142987891E-008   3.7218393341672844E-010
   4.1150289838713969E-008   3.9162223695505820E-010
   4.3297520196182758E-008   4.1205716364271326E-010
   4.5554841409883524E-008   4.3353981144201390E-010
   4.7927897958797285E-008   4.5612389816387113E-010
   5.0422623720534800E-008   4.7986589579029832E-010
   5.3045256809121730E-008   5.0482517168378558E-010
   5.5802355173533397E-008   5.3106413703663307E-010
   5.8700812995983417E-008   5.5864840293144551E-010
   6.1747877930970705E-008   5.8764694440301834E-010
   6.4951169228191326E-008   6.1813227291185763E-010
   6.8318696784631726E-008   6.5018061766060615E-010
   7.1858881173483995E-008   6.8387211620676206E-010
   7.5580574699965181E-008   7.1929101484831966E-010
   7.9493083536691900E-008   7.5652587928340333E-010
   8.3606190993959721E-008   7.9566981607065100E-010
   8.7930181983115198E-008   8.3682070544411425E-010
   9.2475868734192090E-008   8.8008144606483534E-010
   9.7254617832118649E-008   9.2556021232110371E-010
   1.0227837863910123E-007   9.7337072482078154E-010
   1.0755971317425439E-007   1.0236325347520656E-009
   1.1311182752519254E-007   1.0764713228237378E-009
   1.1894860487012826E-007   1.1320192135324115E-009
   1.2508464019304985E-007   1.1904151055426029E-009
   1.3153527677878405E-007   1.2518050190057514E-009
   1.3831664457920074E-007   1.3163424606866691E-009
   1.4544570054649487E-007   1.3841888078104207E-009
   1.5294027103439991E-007   1.4555137115894563E-009
   1.6081909637335824E-007   1.5304955214400236E-009
   1.6910187773110903E-007   1.6093217309486178E-009
   1.7780932637587028E-007   1.6921894467036254E-009
   1.8696321546529763E-007   1.7793058811644755E-009
   1.9658643449072049E-007   1.8708888708007382E-009
   2.0670304651279298E-007   1.9671674207967793E-009
   2.1733834833168003E-007   2.0683822776840222E-009
   2.2851893374223497E-007   2.1747865313326940E-009
   2.4027276003233853E-007   2.2866462478083471E-009
   2.5262921789068153E-007   2.4042411346756337E-009
   2.6561920489879539E-007   2.5278652404129275E-009
   2.7927520279109993E-007   2.6578276896867074E-009
   2.9363135867615847E-007   2.7944534563242618E-009
   3.0872357042223503E-007   2.9380841759175513E-009
   3.2458957642066332E-007   3.0890790000901663E-009
   3.4126904995148124E-007   3.2478154945634839E-009
   3.5880369838729547E-007   3.4146905832676666E-009
   3.7723736748343615E-007   3.5901215408582655E-009
   3.9661615101518198E-007   3.7745470361202380E-009
   4.1698850603620659E-007   3.9684282288684367E-009
   4.3840537404644993E-007   4.1722499230873846E-009
   4.6092030837240061E-007   4.3865217791938008E-009
   4.8458960807830437E-007   4.6117795884531503E-009
   5.0947245874314519E-007   4.8485866127369228E-009
   5.3563108045541784E-007   5.0975349929707484E-009
   5.6313088339575377E-007   5.3592472297951892E-009
   5.9204063139643705E-007   5.6343777401416274E-009
   6.2243261388679797E-007   5.9236144936155216E-009
   6.5438282665443205E-007   6.2276807327788114E-009
   6.8797116187424527E-007   6.5473367816330994E-009
   7.2328160788049690E-007   6.8833819468257478E-009
   7.6040245918137176E-007   7.2366565163328957E-009
   7.9942653724122931E-007   7.6080438606171487E-009
   8.4045142258259954E-007   7.9984726415139268E-009
   8.8357969878830110E-007   8.4089191343698426E-009
   9.2891920901381556E-007   8.8404096692396627E-009
   9.7658332565132648E-007   9.2940231972461018E-009
   1.0266912338197345E-006   9.7708939885197253E-009
   1.0793682293895086E-006   1.0272214468465162E-008
   1.1347460322875980E-006   1.0799238199445820E-008
   1.1929631158658280E-006   1.1353283015342832E-008
   1.2541650531563716E-006   1.1935734316826298E-008
   1.3185048808801167E-006   1.2548048535578672E-008
   1.3861434821181369E-006   1.3191756776132711E-008
   1.4572499886031451E-006   1.3868468644430426E-008
   1.5320022036368658E-006   1.4579876272676473E-008
   1.6105870466908410E-006   1.5327758550550173E-008
   1.6932010208024037E-006   1.6113985573356443E-008
   1.7800507039345460E-006   1.6940523318238265E-008
   1.8713532655283438E-006   1.7809438560143743E-008
   1.9673370095395787E-006   1.8722904039840133E-008
   2.0682419453174442E-006   1.9683203896897684E-008
   2.1743203877528103E-006   2.0692739381228484E-008
   2.2858375881967435E-006   2.1754034857462148E-008
   2.4030723977269034E-006   2.2869744117172493E-008
   2.5263179644203158E-006   2.4042657014738964E-008
   2.6558824663760767E-006   2.5275706443435935E-008
   2.7920898823209258E-006   2.6571975669193827E-008
   2.9352808017245827E-006   2.7934706040370140E-008
   3.0858132764505822E-006   2.9367305092808939E-008
   3.2440637160721546E-006   3.0873355070455623E-008
   3.4104278290919061E-006   3.2456621882832959E-008
   3.5853216124188581E-006   3.4121064521776768E-008
   3.7691823915770137E-006   3.5870844960977911E-008
   3.9624699142465472E-006   3.7710338563084753E-008
   4.1656674998719956E-006   3.9644145020389086E-008
   4.3792832482121131E-006   4.1677099856453123E-008
   4.6038513098533369E-006   4.3814286517437422E-008
   4.8399332218638543E-006   4.6061049083364576E-008
   5.0881193119280431E-006   4.8423005631103213E-008
   5.3490301744723982E-006   5.0906062282486963E-008
   5.6233182224739711E-006   5.3516427972695819E-008
   5.9116693188316809E-006   5.6260629975828622E-008
   6.2148044913797423E-006   5.9145530226488737E-008
   6.5334817358316353E-006   6.2178342478195282E-008
   6.8684979111629032E-006   6.5366650341524948E-008
   7.2206907321722001E-006   6.8718426247089097E-008
   7.5909408642030326E-006   7.2242051380763550E-008
   7.9801741252640544E-006   7.5946336641019511E-008
   8.3893638010543592E-006   7.9840544670759773E-008
   8.8195330786825044E-006   8.3934413018751289E-008
   9.2717576051648260E-006   8.8238178488570003E-008
   9.7471681771005908E-006   9.2762602735942532E-008
   1.0246953568249536E-005   9.7518999178491929E-008
   1.0772363502082197E-005   1.0251926128517532E-007
   1.1324711776735940E-005   1.0777589231615236E-007
   1.1905379550190588E-005   1.1330203658744914E-007
   1.2515818793878371E-005   1.1911151233859577E-007
   1.3157555923363893E-005   1.2521884628542393E-007
   1.3832195615172703E-005   1.3163930994442410E-007
   1.4541424819312415E-005   1.3838895781949250E-007
   1.5287016977519794E-005   1.4548466754655449E-007
   1.6070836457781508E-005   1.5294418209644671E-007
   1.6894843216217039E-005   1.6078615414158759E-007
   1.7761097697980909E-005   1.6903019269737520E-007
   1.8671765989438871E-005   1.7769691215494149E-007
   1.9629125234501044E-005   1.8680798382786889E-007
   2.0635569328655700E-005   1.9638619014176414E-007
   2.1693614904941388E-005   2.0645548160219077E-007
   2.2805907626825574E-005   2.1704103668341007E-007
   2.3975228803724875E-005   2.2816932478768349E-007
   2.5204502345709156E-005   2.3986817243256758E-007
   2.6496802074779564E-005   2.5216683283170415E-007
   2.7855359411002377E-005   2.6509605904309387E-007
   2.9283571452717771E-005   2.7868818086776215E-007
   3.0785009471027902E-005   2.9297718569110374E-007
   3.2363427839804812E-005   3.0799880346905233E-007
   3.4022773423547416E-005   3.2379059607158371E-007
   3.5767195446561853E-005   3.4039205120695876E-007
   3.7601055868142775E-005   3.5784468116156499E-007
   3.9528940289698790E-005   3.7619212660225887E-007
   4.1555669421094767E-005   3.9548026570076725E-007
   4.3686311134882623E-005   4.1575732885301698E-007
   4.5926193138561710E-005   4.3707401928025059E-007
   4.8280916296555523E-005   4.5948363981349325E-007
   5.0756368635215933E-005   4.8304222617839831E-007
   5.3358740065874021E-005   5.0780868711375387E-007
   5.6094537862751803E-005   5.3384495167401766E-007
   5.8970602934437132E-005   5.6121612408421536E-007
   6.1994126929607683E-005   5.8999064653442000E-007
   6.5172670219775978E-005   6.2024047032088071E-007
   6.8514180804020994E-005   6.5204123576174852E-007
   7.2027014182975900E-005   6.8547246133727443E-007
   7.5719954251766579E-005   7.2061774252743706E-007
   7.9602235264141869E-005   7.5756496084419074E-007
   8.3683564922715627E-005   7.9640650358102796E-007
   8.7974148653056426E-005   8.3723949482934194E-007
   9.2484715122320279E-005   8.8016603833925226E-007
   9.7226543066233903E-005   9.2529347283217143E-007
   1.0221148949150702E-004   9.7273464040352639E-007
   1.0745201932419170E-004   1.0226081686867817E-006
   1.1296123657812175E-004   1.0750387674843241E-006
   1.1875291712136505E-004   1.1301575406069348E-006
   1.2484154312261914E-004   1.1881023137016151E-006
   1.3124233926367865E-004   1.2490179788875053E-006
   1.3797131080851979E-004   1.3130568570616639E-006
   1.4504528362418867E-004   1.3803790787806608E-006
   1.5248194625356131E-004   1.4511529846703913E-006
   1.6029989414517137E-004   1.5255555463653363E-006
   1.6851867615069618E-004   1.6037728090298418E-006
   1.7715884340636142E-004   1.6860003565679526E-006
   1.8624200072048260E-004   1.7724438006850591E-006
   1.9579086059563129E-004   1.8633192950242770E-006
   2.0582930002049633E-004   1.9588540756631586E-006
   2.1638242017343832E-004   2.0592870293222670E-006
   2.2747660918701334E-004   2.1648692907064255E-006
   2.3913960813039506E-004   2.2758648704723076E-006
   2.5140058037466926E-004   2.3925513153926170E-006
   2.6429018451443084E-004   2.5152204023676070E-006
   2.7784065102800620E-004   2.6441788680193323E-006
   2.9208586286796890E-004   2.7797491756929983E-006
   3.0706144018344213E-004   2.9222703217833155E-006
   3.2280482938600898E-004   3.0720986834020812E-006
   3.3935539678191484E-004   3.2296089095066189E-006
   3.5675452700465414E-004   3.3951948577173425E-006
   3.7504572649404001E-004   3.5692705791669900E-006
   3.9427473228046637E-004   3.7522713538441549E-006
   4.1448962634633459E-004   3.9446547790200163E-006
   4.3574095585055924E-004   4.1469019134799048E-006
   4.5808185951672022E-004   4.3595184804208725E-006
   4.8156820050083797E-004   4.5830361320231437E-006
   5.0625870607094226E-004   4.8180137788575295E-006
   5.3221511444763285E-004   5.0650389874530202E-006
   5.5950232917272643E-004   5.3247294495192028E-006
   5.8818858139190295E-004   5.5977345264973192E-006
   6.1834560045704082E-004   5.8847368733021578E-006
   6.5004879327472485E-004   6.1864541453149700E-006
   6.8337743284926922E-004   6.5036407928957835E-006
   7.1841485649157819E-004   6.8370899479023402E-006
   7.5524867418931508E-004   7.1876354069329190E-006
   7.9397098765925296E-004   7.5561537162521990E-006
   8.3467862062936685E-004   7.9435663636135633E-006
   8.7747336092629182E-004   8.3508420824585249E-006
   9.2246221497326595E-004   8.7789992742550050E-006
   9.6975767533469107E-004   9.2291085550315267E-006
   1.0194780019760397E-003   9.7022954324750362E-006
   1.0717475179420979E-003   1.0199743120286448E-005
   1.1266969201925666E-003   1.0722695496831301E-005
   1.1844636063718980E-003   1.1272460215483662E-005
   1.2451920183300597E-003   1.1850411974440793E-005
   1.3090340032527504E-003   1.2457995954184793E-005
   1.3761491933035885E-003   1.3096731431186673E-005
   1.4467054047270199E-003   1.3768215576888993E-005
   1.5208790574093066E-003   1.4474127451466535E-005
   1.5988556159460406E-003   1.5216232202351437E-005
   1.6808300533183325E-003   1.5996385478021320E-005
   1.7670073383362884E-003   1.6816538068087207E-005
   1.8576029480677223E-003   1.7678740781283797E-005
   1.9528434065324296E-003   1.8585149573559687E-005
   2.0529668510079271E-003   1.9538030939090382E-005
   2.1582236273614760E-003   2.0539767577694470E-005
   2.2688769158956579E-003   2.1592864352824442E-005
   2.3852033892709304E-003   2.2699954555030231E-005
   2.5074939041486183E-003   2.3863806486557395E-005
   2.6360542282819598E-003   2.5087330383544916E-005
   2.7712058048712188E-003   2.6373585693131581E-005
   2.9132865560918819E-003   2.7725788723667710E-005
   3.0626517278026020E-003   2.9147320687161522E-005
   3.2196747775422850E-003   3.0641736154070665E-005
   3.3847483080335881E-003   3.2212771941580037E-005
   3.5582850485236005E-003   3.3864356457591512E-005
   3.7407188864116221E-003   3.5600619523790170E-005
   3.9325059517392848E-003   3.7425902702349971E-005
   4.1341257572499101E-003   3.9344770152100921E-005
   4.3460823968623687E-003   4.1362020041303837E-005
   4.5689058055501013E-003   4.3482696545570620E-005
   4.8031530837687620E-003   4.5712102460931082E-005
   5.0494098897363995E-003   4.8055812463585456E-005
   5.3082919030388413E-003   5.0519687049499116E-005
   5.5804463632100273E-003   5.3109887188695429E-005
   5.8665536871232004E-003   5.5832889730890468E-005
   6.1673291692242761E-003   5.8695503600991366E-005
   6.4835247688439842E-003   6.1704886824955719E-005
   6.8159309890408748E-003   6.4868564428585457E-005
   7.1653788516534284E-003   6.8194447254011527E-005
   7.5327419734769483E-003   7.1690851740920415E-005
   7.9189387487298077E-003   7.5366520721985763E-005
   8.3249346432348204E-003   7.9230645284504648E-005
   8.7517446060150616E-003   8.3292887752904027E-005
   9.2004356042901369E-003   8.7563405849585277E-005
   9.6721292881588854E-003   9.2052878094521932E-005
   1.0168004791568177E-002   9.6772530507122635E-005
   1.0689301676495186E-002   1.0173416467712785E-004
   1.1237323027612277E-002   1.0695018727473219E-004
   1.1813438705059661E-002   1.1243364107372332E-004
   1.2419088763320733E-002   1.1819823756521093E-004
   1.3055787044578580E-002   1.2425839124349770E-004
   1.3725124955327933E-002   1.3062925564982409E-004
   1.4428775435424703E-002   1.3732676126411582E-004
   1.5168497129172015E-002   1.4436765533948278E-004
   1.5946138768465949E-002   1.5176954377907608E-004
   1.6763643778451565E-002   1.5955093516001792E-004
   1.7623055116565728E-002   1.6773128701448643E-004
   1.8526520356260966E-002   1.7633105448368249E-004
   1.9476297027105825E-002   1.8537174146633897E-004
   2.0474758223329600E-002   1.9487595438966987E-004
   2.1524398493209172E-002   2.0486745873721541E-004
   2.2627840021962182E-002   2.1537123847493127E-004
   2.3787839120989848E-002   2.2641355852411930E-004
   2.5007293036370493E-002   2.3802203043741318E-004
   2.6289247089400464E-002   2.5022568144204431E-004
   2.7636902161657106E-002   2.6305502702303186E-004
   2.9053622536450316E-002   2.7654214722779220E-004
   3.0542944107544767E-002   2.9072076688296979E-004
   3.2108582964560838E-002   3.0562633992407237E-004
   3.3754444362352386E-002   3.2129613804878019E-004
   3.5484632078727020E-002   3.3776934391560625E-004
   3.7303458160883991E-002   3.5508714912095514E-004
   3.9215453055592778E-002   3.7329285719957305E-004
   4.1225376111040095E-002   3.9243199190594328E-004
   4.3338226428949307E-002   4.1255241104738840E-004
   4.5559254033409359E-002   4.3370442615352006E-004
   4.7893971307067532E-002   4.5594092828127276E-004
   5.0348164624968557E-002   4.7931752027010011E-004
   5.2927906090140496E-002   5.0389265577803933E-004
   5.5639565241518037E-002   5.2972778544630892E-004
   5.8489820562063990E-002   5.5688751055792270E-004
   6.1485670560679342E-002   5.8543974457455370E-004
   6.4634444132829399E-002   6.1545588295556586E-004
   6.7943809818325984E-002   6.4701098168385731E-004
   7.1421783466279434E-002   6.8018394494491767E-004
   7.5076733682062913E-002   7.1505772242839722E-004
   7.8917384263711796E-002   7.5171951674554347E-004
   8.2952812629438308E-002   7.9026100148115765E-004
   8.7192442987528429E-002   8.3077855042531460E-004
   9.1646032698732491E-002   8.7337347855804333E-004
   9.6323649924571361E-002   9.1815229538955785E-004
  0.10123564024081516        9.6522697128951845E-004
  0.10639257942712663        1.0147152174712880E-003
  0.11180520913375692        1.0667407803312853E-003
  0.11748435160036687        1.1214337508794439E-003
  0.12344079910705309        1.1789308900345072E-003
  0.12968517344833930        1.2393759705975700E-003
  0.13622775054892694        1.3029201367589826E-003
  0.14307824554108467        1.3697222820375622E-003
  0.15024555439973056        1.4399494465971686E-003
  0.15773744982264112        1.5137772349341312E-003
  0.16556023170156539        1.5913902549799734E-003
  0.17371833646559987        1.6729825797174112E-003
  0.18221391487470545        1.7587582324639136E-003
  0.19104639434240875        1.8489316970362831E-003
  0.20021204905550299        1.9437284540719313E-003
  0.20970360807371813        2.0433855448479393E-003
  0.21950993684699438        2.1481521640077357E-003
  0.22961582955537582        2.2582902826775234E-003
  0.24000194686805082        2.3740753035305698E-003
  0.25064492529470944        2.4957967494373626E-003
  0.26151767055584402        2.6237589874236107E-003
  0.27258982997630410        2.7582819897463712E-003
  0.28382842059987795        2.8997021339913802E-003
  0.29519857380711101        3.0483730441922545E-003
  0.30666434655151475        3.2046664750747969E-003
  0.31818954555727919        3.3689732416374760E-003
  0.32973851400646276        3.5417041963925170E-003
  0.34127683902101269        3.7232912567112192E-003
  0.35277195038655940        3.9141884848423909E-003
  0.36419359407449930        4.1148732233045127E-003
  0.37551417620181954        4.3258472884907112E-003
  0.38670898283455984        4.5476382254711597E-003
  0.39775628794067036        4.7808006271305818E-003
  0.40863736587497079        5.0259175209393754E-003
  0.41933642645159869        5.2836018268260206E-003
  0.42984049051343393        5.5544978897962031E-003
  0.44013922254202692        5.8392830911309966E-003
  0.45022473478572911        6.1386695421929514E-003
  0.46009137502121994        6.4534058650754763E-003
  0.46973550768722960        6.7842790645480664E-003
  0.47915529591721456        7.1321164959782185E-003
  0.48835049004686237        7.4977879341508622E-003
  0.49732222652138042        7.8822077481584280E-003
  0.50607283977730932        8.2863371877999296E-003
  0.51460568860229483        8.7111867872062161E-003
  0.52292499765056033        9.1578188917017453E-003
  0.53103571417434381        9.6273503142213189E-003
  0.53894337958534688        1.0120955127924229E-002
  0.54665401515139356        1.0639867601988791E-002
  0.55417402093230606        1.1185385287928279E-002
  0.56151008694040483        1.1758872264145679E-002
  0.56866911545438248        1.2361762546840304E-002
  0.57565815340400250        1.2995563675795354E-002
  0.58248433376405584        1.3661860484012717E-002
  0.58915482493917815        1.4362319060621114E-002
  0.59567678717884898        1.5098690916966851E-002
  0.60205733512851911        1.5872817366304654E-002
  0.60830350569430558        1.6686634128040025E-002
  0.61442223047226519        1.7542176168036182E-002
  0.62042031206712955        1.8441582787088833E-002
  0.62630440369848550        1.9387102970292634E-002
  0.63208099156426423        2.0381101010675536E-002
  0.63775637950194397        2.1426062421163048E-002
  0.64333667555727869        2.2524600149655367E-002
  0.64882778013891762        2.3679461112758350E-002
  0.65423537550531885        2.4893533064506049E-002
  0.65956491639806580        2.6169851817250164E-002
  0.66482162170309655        2.7511608832772438E-002
  0.67001046708808787        2.8922159202601699E-002
  0.67513617862955988        3.0405030037490541E-002
  0.68020322750592610        3.1963929287029631E-002
  0.68521582589089702        3.3602755011453371E-002
  0.69017792423303381        3.5325605128821179E-002
  0.69509321014904046        3.7136787661947425E-002
  0.69996510918750254        3.9040831510702784E-002
  0.70479678773310839        4.1042497776623207E-002
  0.70959115831610642        4.3146791668144099E-002
  0.71435088756579435        4.5358975016228840E-002
  0.71907840699928782        4.7684579431687385E-002
  0.72377592676839120        5.0129420137084955E-002
  0.72844545240071368        5.2699610507827926E-002
  0.73308880447092484        5.5401577358787119E-002
  0.73770764103086361        5.8242077014683001E-002
  0.74230348252125655        6.1228212204417223E-002
  0.74687773879207309        6.4367449821595049E-002
  0.75143173778192462        6.7667639595649295E-002
  0.75596675535713898        7.1137033720253137E-002
  0.76048404579378670        7.4784307488103385E-002
  0.76498487240359281        7.8618580983671582E-002
  0.76947053785653197        8.2649441888166322E-002
  0.77394241383477658        8.6886969453730950E-002
  0.77840196975742404        9.1341759706824774E-002
  0.78285080043393718        9.6024951943809222E-002
  0.78729065262644504       0.10094825658499168     
  0.79172345061724669       0.10612398445677694     
  0.79615132097965680       0.11156507757514651     
  0.80057661683145542       0.11728514150744071     
  0.80500194190679109       0.12329847939336487     
  0.80943017481285107       0.12962012771028983     
  0.81386449384209092       0.13626589387227869     
  0.81830840269025795       0.14325239575685672     
  0.82276575738552682       0.15059710325836245     
  0.82724079466400868       0.15831838197178444     
  0.83173816192824190       0.16643553911631614     
  0.83626294879075314       0.17496887181346230     
  0.84082072002213626       0.18393971784041632     
  0.84541754947399572       0.19337050898561925     
  0.85006005420582442       0.20328482713991677     
  0.85475542757716150       0.21370746326357135     
  0.85951146942815826       0.22466447937657763     
  0.86433661060862099       0.23618327372728970     
  0.86923992796397631       0.24829264930231493     
  0.87423114437757710       0.26102288584898548     
  0.87932060653903354       0.27440581559050098     
  0.88451923072212768       0.28847490282306965     
  0.88983840404611447       0.30326532759408176     
  0.89528982563310977       0.31881407367055542     
  0.90088526918088396       0.33516002101782094     
  0.90663624659828013       0.35234404301968869     
  0.91255355283724882       0.37040910868320143     
  0.91864667788689813       0.38940039008353694     
  0.92492308195357209       0.40936537531772832     
  0.93138737438580799       0.43035398724964558     
  0.93804035758241566       0.45241870834316256     
  0.94487868828853139       0.47561471189565774     
  0.95189307446577398       0.50000000000000000     
  0.95872336517057066       0.52438528810434226     
  0.96504621743354213       0.54758129165683744     
  0.97090095070827620       0.56964601275035442     
  0.97632498823755454       0.59063462468227168     
  0.98135464633218694       0.61059960991646300     
  0.98602465941192918       0.62959089131679857     
  0.99036784704863157       0.64765595698031131     
  0.99441483210242088       0.66483997898217906     
  0.99819387640073576       0.68118592632944464     
   1.0017308259653601       0.69673467240591824     
   1.0050491466478568       0.71152509717693035     
   1.0081700251979240       0.72559418440949908     
   1.0111125124611200       0.73897711415101452     
   1.0138936895513924       0.75170735069768513     
   1.0165288426083317       0.76381672627271024     
   1.0190316360843441       0.77533552062342237     
   1.0214142780372881       0.78629253673642863     
   1.0236876735771518       0.79671517286008320     
   1.0258615645291653       0.80662949101438075     
   1.0279446546778837       0.81606028215958371     
   1.0299447207949761       0.82503112818653768     
   1.0318687101551065       0.83356446088368386     
   1.0337228255105499       0.84168161802821562     
   1.0355125986024321       0.84940289674163760     
   1.0372429532900869       0.85674760424314322     
   1.0389182593188921       0.86373410612772128     
   1.0405423776475289       0.87037987228971014     
   1.0421186981350956       0.87670152060663509     
   1.0436501702575225       0.88271485849255926     
   1.0451393273869376       0.88843492242485345     
   1.0465883050291955       0.89387601554322305     
   1.0479988532730140       0.89905174341500826     
   1.0493723435558764       0.90397504805619078     
   1.0507097696914038       0.90865824029317521     
   1.0520117429214497       0.91311303054626902     
   1.0532784805407169       0.91735055811183364     
   1.0545097873727711       0.92138141901632842     
   1.0557050290241989       0.92521569251189661     
   1.0568630953617095       0.92886296627974685     
   1.0579823519693772       0.93233236040435075     
   1.0590605763223369       0.93563255017840496     
   1.0600948738351814       0.93877178779558279     
   1.0610815663986122       0.94175792298531702     
   1.0620160417121580       0.94459842264121285     
   1.0628925440632193       0.94730038949217221     
   1.0637038724650718       0.94987057986291512     
   1.0644409229892065       0.95231542056831264     
   1.0650919369987510       0.95464102498377112     
   1.0656411927150831       0.95685320833185594     
   1.0660659030233370       0.95895750222337683     
   1.0663315104410365       0.96095916848929708     
   1.0663285883793290       0.96286321233805272     
   1.0660701259298326       0.96467439487117879     
   1.0656603124456159       0.96639724498854673     
   1.0651252887856613       0.96803607071297026     
   1.0644812463802351       0.96959496996250949     
   1.0637387928156581       0.97107784079739823     
   1.0629058431565443       0.97248839116722752     
   1.0619888226528365       0.97383014818274971     
   1.0609933357804777       0.97510646693549385     
   1.0599245675703386       0.97632053888724157     
   1.0587875430481222       0.97747539985034460     
   1.0575873015386719       0.97857393757883682     
   1.0563290142509496       0.97961889898932453     
   1.0550180598451577       0.98061289702970722     
   1.0536600657764217       0.98155841721291104     
   1.0522609197288331       0.98245782383196367     
   1.0508267539130816       0.98331336587195994     
   1.0493639046685015       0.98412718263369536     
   1.0478788502619880       0.98490130908303319     
   1.0463781306960829       0.98563768093937898     
   1.0448682544338841       0.98633813951598737     
   1.0433555979295270       0.98700443632420465     
   1.0418463044539132       0.98763823745315982     
   1.0403461887282770       0.98824112773585449     
   1.0388606532381284       0.98881461471207166     
   1.0373946208495730       0.98936013239801113     
   1.0359524866680463       0.98987904487207579     
   1.0345380902259396       0.99037264968577876     
   1.0331547073348375       0.99084218110829825     
   1.0318050595149311       0.99128881321279372     
   1.0304913379519411       0.99171366281220019     
   1.0292152384617754       0.99211779225184160     
   1.0279780039107247       0.99250221206584910     
   1.0267804708372785       0.99286788350402166     
   1.0256231175254571       0.99321572093545185     
   1.0245061113734926       0.99354659413492452     
   1.0234293539958503       0.99386133045780700     
   1.0223925230316815       0.99416071690886887     
   1.0213951100778407       0.99444550211020388     
   1.0204364545101534       0.99471639817317414     
   1.0195157732078268       0.99497408247906072     
   1.0186321863655818       0.99521919937286940     
   1.0177847396823037       0.99545236177452889     
   1.0169724232696180       0.99567415271150927     
   1.0161941876428828       0.99588512677669550     
   1.0154489571522720       0.99608581151515752     
   1.0147356411917032       0.99627670874328877     
   1.0140531434951248       0.99645829580360745     
   1.0134003697975278       0.99663102675836246     
   1.0127762341052329       0.99679533352492511     
   1.0121796637883880       0.99695162695580763     
   1.0116096036793216       0.99710029786600873     
   1.0110650193340043       0.99724171801025352     
   1.0105448995905040       0.99737624101257638     
   1.0100482585380373       0.99750420325056266     
   1.0095741369926134       0.99762592469646938     
   1.0091216035603523       0.99774170971732234     
   1.0086897553567769       0.99785184783599223     
   1.0082777184396450       0.99795661445515194     
   1.0078846480037815       0.99805627154592791     
   1.0075097283787711       0.99815106830296363     
   1.0071521728639155       0.99824124176753604     
   1.0068112234295106       0.99832701742028274     
   1.0064861503089619       0.99840860974501988     
   1.0061762515024317       0.99848622276506593     
   1.0058808522095739       0.99856005055340291     
   1.0055993042061480       0.99863027771796242     
   1.0053309851770804       0.99869707986324097     
   1.0050752980166027       0.99876062402940258     
   1.0048316701044619       0.99882106910996549     
   1.0045995525658198       0.99887856624912053     
   1.0043784195212868       0.99893325921966869     
   1.0041677673325273       0.99898528478252879     
   1.0039671138480040       0.99903477302871035     
   1.0037759976527150       0.99908184770461039     
   1.0035939773251394       0.99912662652144191     
   1.0034206307040492       0.99916922144957465     
   1.0032555541674066       0.99920973899851873     
   1.0030983619251435       0.99924828048325443     
   1.0029486853272891       0.99928494227757148     
   1.0028061721885966       0.99931981605505504     
   1.0026704861305862       0.99935298901831604     
   1.0025413059416692       0.99938454411704447     
   1.0024183249558691       0.99941456025542541     
   1.0023012504504392       0.99944311248944206     
   1.0021898030625924       0.99947027221455365     
   1.0020837162253891       0.99949610734422201     
   1.0019827356227602       0.99952068247972981     
   1.0018866186635349       0.99954405907171873     
   1.0017951339742828       0.99956629557384657     
   1.0017080609107076       0.99958744758895257     
   1.0016251890872769       0.99960756800809403     
   1.0015463179247519       0.99962670714280044     
   1.0014712562152102       0.99964491285087897     
   1.0013998217041515       0.99966223065608451     
   1.0013318406892600       0.99967870386195135     
   1.0012671476353463       0.99969437366007596     
   1.0012055848050223       0.99970927923311703     
   1.0011470019046245       0.99972345785277206     
   1.0010912557449041       0.99973694497297694     
   1.0010382099160118       0.99974977431855794     
   1.0009877344762805       0.99976197796956257     
   1.0009397056543425       0.99977358644147585     
   1.0008940055641002       0.99978462876152507     
   1.0008505219320825       0.99979513254126262     
   1.0008091478367258       0.99980512404561028     
   1.0007697814591425       0.99981462825853373     
   1.0007323258449099       0.99982366894551644     
   1.0006966886764721       0.99983226871298536     
   1.0006627820557146       0.99984044906484004     
   1.0006305222963281       0.99984823045622095     
   1.0005998297255287       0.99985563234466057     
   1.0005706284947842       0.99986267323873590     
   1.0005428463991477       0.99986937074435012     
   1.0005164147048471       0.99987574160875647     
   1.0004912679847831       0.99988180176243480     
   1.0004673439615930       0.99988756635892617     
   1.0004445833579507       0.99989304981272520     
   1.0004229297538052       0.99989826583532271     
   1.0004023294502324       0.99990322746949289     
   1.0003827313396347       0.99990794712190545     
   1.0003640867819803       0.99991243659415030     
   1.0003463494868388       0.99991670711224712     
   1.0003294754009422       0.99992076935471552     
   1.0003134226010209       0.99992463347927807     
   1.0002981511916837       0.99992830914825914     
   1.0002836232081112       0.99993180555274597     
   1.0002698025233414       0.99993513143557144     
   1.0002566547599416       0.99993829511317511     
   1.0002441472058641       0.99994130449639906     
   1.0002322487342910       0.99994416711026912     
   1.0002209297272859       0.99994689011281146     
   1.0002101620030863       0.99994948031295061     
   1.0001999187468433       0.99995194418753652     
   1.0001901744446786       0.99995428789753893     
   1.0001809048208792       0.99995651730345436     
   1.0001720867781017       0.99995863797995865     
   1.0001636983404285       0.99996065522984789     
   1.0001557185991585       0.99996257409729761     
   1.0001481276611899       0.99996439938047621     
   1.0001409065998845       0.99996613564354242     
   1.0001340374082848       0.99996778722805857     
   1.0001275029545871       0.99996935826384603     
   1.0001212869397456       0.99997085267931285     
   1.0001153738571251       0.99997227421127632     
   1.0001097489540920       0.99997362641430676     
   1.0001043981954552       0.99997491266961658     
   1.0000993082286773       0.99997613619351333     
   1.0000944663507481       0.99997730004544483     
   1.0000898604766728       0.99997840713564734     
   1.0000854791094782       0.99997946023242235     
   1.0000813113116569       0.99998046196906076     
   1.0000773466780055       0.99998141485042646     
   1.0000735753097740       0.99998232125921860     
   1.0000699877900536       0.99998318346193193     
   1.0000665751603741       0.99998400361452200     
   1.0000633288984186       0.99998478376779776     
   1.0000602408968273       0.99998552587254852     
   1.0000573034430218       0.99998623178442314     
   1.0000545092000133       0.99998690326856887     
   1.0000518511881358       0.99998754200404594     
   1.0000493227676694       0.99998814958802562     
   1.0000469176223017       0.99998872753978441     
   1.0000446297433958       0.99998927730450304     
   1.0000424534150221       0.99998980025687967     
   1.0000403831997127       0.99999029770456749     
   1.0000384139249101       0.99999077089144495     
   1.0000365406700757       0.99999122100072579     
   1.0000347587544201       0.99999164915791749     
   1.0000330637252326       0.99999205643363642     
   1.0000314513467805       0.99999244384628361     
   1.0000299175897380       0.99999281236459303     
   1.0000284586211430       0.99999316291005214     
   1.0000270707948293       0.99999349635920709     
   1.0000257506423327       0.99999381354585470     
   1.0000244948642354       0.99999411526312654     
   1.0000233003219290       0.99999440226547365     
   1.0000221640297902       0.99999467527055053     
   1.0000210831477176       0.99999493496101255     
   1.0000200549740492       0.99999518198622117     
   1.0000190769388171       0.99999541696386796     
   1.0000181465973295       0.99999564048151945     
   1.0000172616240677       0.99999585309808636     
   1.0000164198068791       0.99999605534522096     
   1.0000156190414529       0.99999624772864615     
   1.0000148573260668       0.99999643072942079     
   1.0000141327565828       0.99999660480514230     
   1.0000134435216990       0.99999677039109047     
   1.0000127878984180       0.99999692790131656     
   1.0000121642477469       0.99999707772967816     
   1.0000115710106026       0.99999722025082427     
   1.0000110067039163       0.99999735582113214     
   1.0000104699169301       0.99999748477959749     
   1.0000099593076672       0.99999760744868460     
   1.0000094735995870       0.99999772413512955     
   1.0000090115783897       0.99999783513070928     
   1.0000085720889837       0.99999794071297055     
   1.0000081540325989       0.99999804114592428     
   1.0000077563640419       0.99999813668070503     
   1.0000073780890850       0.99999822755619938     
   1.0000070182619780       0.99999831399964356     
   1.0000066759830897       0.99999839622719089     
   1.0000063503966539       0.99999847444445356     
   1.0000060406886357       0.99999854884701533     
   1.0000057460846952       0.99999861962092118     
   1.0000054658482505       0.99999868694314298     
   1.0000051992786398       0.99999875098202107     
   1.0000049457093669       0.99999881189768614     
   1.0000047045064366       0.99999886984245945     
   1.0000044750667727       0.99999892496123244     
   1.0000042568167049       0.99999897739183130     
   1.0000040492105400       0.99999902726535972     
   1.0000038517291967       0.99999907470652705     
   1.0000036638789034       0.99999911983396150     
   1.0000034851899702       0.99999916276050516     
   1.0000033152156131       0.99999920359349648     
   1.0000031535308340       0.99999924243503924     
   1.0000029997313624       0.99999927938225741     
   1.0000028534326404       0.99999931452753865     
   1.0000027142688663       0.99999934795876422     
   1.0000025818920764       0.99999937975952968     
   1.0000024559712768       0.99999941000935333     
   1.0000023361916137       0.99999943878387587     
   1.0000022222535898       0.99999946615504820     
   1.0000021138723127       0.99999949219131279     
   1.0000020107767851       0.99999951695777378     
   1.0000019127092235       0.99999954051636009     
   1.0000018194244173       0.99999956292598069     
   1.0000017306891145       0.99999958424267099     
   1.0000016462814363       0.99999960451973446     
   1.0000015659903287       0.99999962380787333     
   1.0000014896150267       0.99999964215531889     
   1.0000014169645577       0.99999965960794879     
   1.0000013478572629       0.99999967620940400     
   1.0000012821203428       0.99999969200119654     
   1.0000012195894254       0.99999970702281427     
   1.0000011601081535       0.99999972131181902     
   1.0000011035277956       0.99999973490394112     
   1.0000010497068765       0.99999974783316725     
   1.0000009985108178       0.99999976013182745     
   1.0000009498116049       0.99999977183067523     
   1.0000009034874677       0.99999978295896319     
   1.0000008594225716       0.99999979354451840     
   1.0000008175067356       0.99999980361380980     
   1.0000007776351487       0.99999981319201614     
   1.0000007397081132       0.99999982230308782     
   1.0000007036307923       0.99999983096980727     
   1.0000006693129757       0.99999983921384583     
   1.0000006366688514       0.99999984705581790     
   1.0000006056167940       0.99999985451533235     
   1.0000005760791575       0.99999986161104215     
   1.0000005479820833       0.99999986836069021     
   1.0000005212553160       0.99999987478115371     
   1.0000004958320241       0.99999988088848768     
   1.0000004716486375       0.99999988669796325     
   1.0000004486446843       0.99999989222410768     
   1.0000004267626446       0.99999989748073870     
   1.0000004059478023       0.99999990248100068     
   1.0000003861481075       0.99999990723739740     
   1.0000003673140554       0.99999991176182135     
   1.0000003493985468       0.99999991606558714     
   1.0000003323567868       0.99999992015945549     
   1.0000003161461624       0.99999992405366323     
   1.0000003007261362       0.99999992775794866     
   1.0000002860581534       0.99999993128157372     
   1.0000002721055348       0.99999993463334969     
   1.0000002588333923       0.99999993782165741     
   1.0000002462085387       0.99999994085446964     
   1.0000002341994045       0.99999994373937007     
   1.0000002227759632       0.99999994648357204     
   1.0000002119096496       0.99999994909393775     
   1.0000002015732914       0.99999995157699439     
   1.0000001917410435       0.99999995393895080     
   1.0000001823883187       0.99999995618571336     
   1.0000001734917308       0.99999995832290012     
   1.0000001650290335       0.99999996035585514     
   1.0000001569790671       0.99999996228966159     
   1.0000001493217028       0.99999996412915504     
   1.0000001420377911       0.99999996587893547     
   1.0000001351091190       0.99999996754337828     
   1.0000001285183635       0.99999996912664479     
   1.0000001222490413       0.99999997063269497     
   1.0000001162854786       0.99999997206529401     
   1.0000001106127616       0.99999997342802438     
   1.0000001052167060       0.99999997472429369     
   1.0000001000838195       0.99999997595734313     
   1.0000000952012673       0.99999997713025590     
   1.0000000905568400       0.99999997824596509     
   1.0000000861389238       0.99999997930726048     
   1.0000000819364707       0.99999998031679616     
   1.0000000779389746       0.99999998127709600     
   1.0000000741364383       0.99999998219056141     
   1.0000000705193539       0.99999998305947668     
   1.0000000670786764       0.99999998388601430     
   1.0000000638058020       0.99999998467224149     
   1.0000000606925483       0.99999998542012369     
   1.0000000577311285       0.99999998613153152     
   1.0000000549141408       0.99999998680824309     
   1.0000000522345378       0.99999998745195151     
   1.0000000496856214       0.99999998806426571     
   1.0000000472610173       0.99999998864671691     
   1.0000000449546620       0.99999998920076172     
   1.0000000427607887       0.99999998972778548     
   1.0000000406739116       0.99999999022910602     
   1.0000000386888137       0.99999999070597667     
   1.0000000368005295       0.99999999115959026     
   1.0000000350043374       0.99999999159108099     
   1.0000000332957484       0.99999999200152723     
   1.0000000316704871       0.99999999239195614     
   1.0000000301244916       0.99999999276334339     
   1.0000000286538944       0.99999999311661802     
   1.0000000272550194       0.99999999345266322     
   1.0000000259243680       0.99999999377231930     
   1.0000000246586145       0.99999999407638551     
   1.0000000234545916       0.99999999436562237     
   1.0000000223092897       0.99999999464075284     
   1.0000000212198454       0.99999999490246494     
   1.0000000201835337       0.99999999515141336     
   1.0000000191977640       0.99999999538822038     
   1.0000000182600708       0.99999999561347808     
   1.0000000173681085       0.99999999582775012     
   1.0000000165196488       0.99999999603157175     
   1.0000000157125675       0.99999999622545299     
   1.0000000149448485       0.99999999640987847     
   1.0000000142145711       0.99999999658530947     
   1.0000000135199110       0.99999999675218443     
   1.0000000128591295       0.99999999691092090     
   1.0000000122305737       0.99999999706191589     
   1.0000000116326739       0.99999999720554655     
   1.0000000110639338       0.99999999734217238     
   1.0000000105229319       0.99999999747213464     
   1.0000000100083140       0.99999999759575886     
   1.0000000095187944       0.99999999771335368     
   1.0000000090531500       0.99999999782521332     
   1.0000000086102141       0.99999999793161765     
   1.0000000081888807       0.99999999803283257     
   1.0000000077880966       0.99999999812911100     
   1.0000000074068580       0.99999999822069408     
   1.0000000070442132       0.99999999830781050     
   1.0000000066992538       0.99999999839067832     
   1.0000000063711190       0.99999999846950460     
   1.0000000060589880       0.99999999854448629     
   1.0000000057620797       0.99999999861581113     
   1.0000000054796512       0.99999999868365752     
   1.0000000052109974       0.99999999874819490     
   1.0000000049554458       0.99999999880958479     
   1.0000000047123581       0.99999999886798063     
   1.0000000044811252       0.99999999892352864     
   1.0000000042611696       0.99999999897636738     
   1.0000000040519417       0.99999999902662917     
   1.0000000038529169       0.99999999907443982     
   1.0000000036635988       0.99999999911991866     
   1.0000000034835141       0.99999999916317928     
   1.0000000033122127       0.99999999920433003     
   1.0000000031492640       0.99999999924347427     
   1.0000000029942642       0.99999999928070904     
   1.0000000028468232       0.99999999931612782     
   1.0000000027065732       0.99999999934981931     
   1.0000000025731626       0.99999999938186779     
   1.0000000024462588       0.99999999941235307     
   1.0000000023255433       0.99999999944135176     
   1.0000000022107163       0.99999999946893592     
   1.0000000021014892       0.99999999949517482     
   1.0000000019975892       0.99999999952013408     
   1.0000000018987565       0.99999999954387597     
   1.0000000018047432       0.99999999956646024     
   1.0000000017153152       0.99999999958794283     
   1.0000000016302490       0.99999999960837771     
   1.0000000015493311       0.99999999962781605     
   1.0000000014723598       0.99999999964630626     
   1.0000000013991419       0.99999999966389486     
   1.0000000013294954       0.99999999968062558     
   1.0000000012632460       0.99999999969654030     
   1.0000000012002273       0.99999999971167886     
   1.0000000011402819       0.99999999972607923     
   1.0000000010832604       0.99999999973977693     
   1.0000000010290191       0.99999999975280696     
   1.0000000009774239       0.99999999976520126     
   1.0000000009283445       0.99999999977699128     
   1.0000000008816592       0.99999999978820620     
   1.0000000008372503       0.99999999979887422     
   1.0000000007950078       0.99999999980902188     
   1.0000000007548258       0.99999999981867449     
   1.0000000007166023       0.99999999982785659     
   1.0000000006802436       0.99999999983659071     
   1.0000000006456569       0.99999999984489907     
   1.0000000006127578       0.99999999985280208     
   1.0000000005814633       0.99999999986031962     
   1.0000000005516951       0.99999999986747046     
   1.0000000005233782       0.99999999987427268     
   1.0000000004964413       0.99999999988074328     
   1.0000000004708198       0.99999999988689814     
   1.0000000004464473       0.99999999989275290     
   1.0000000004232634       0.99999999989832211     
   1.0000000004012108       0.99999999990361965     
   1.0000000003802338       0.99999999990865873     
   1.0000000003602791       0.99999999991345223     
   1.0000000003412988       0.99999999991801169     
   1.0000000003232423       0.99999999992234911     
   1.0000000003060672       0.99999999992647481     
   1.0000000002897298       0.99999999993039934     
   1.0000000002741893       0.99999999993413247     
   1.0000000002594067       0.99999999993768351     
   1.0000000002453444       0.99999999994106148     
   1.0000000002319684       0.99999999994427458     
   1.0000000002192448       0.99999999994733102     
   1.0000000002071414       0.99999999995023847     
   1.0000000001956291       0.99999999995300393     
   1.0000000001846781       0.99999999995563460     
   1.0000000001742613       0.99999999995813704     
   1.0000000001643528       0.99999999996051725     
   1.0000000001549276       0.99999999996278144     
   1.0000000001459612       0.99999999996493549     
   1.0000000001374334       0.99999999996698408     
   1.0000000001293203       0.99999999996893307     
   1.0000000001216036       0.99999999997078681     
   1.0000000001142622       0.99999999997255040     
   1.0000000001072795       0.99999999997422773     
   1.0000000001006373       0.99999999997582323     
   1.0000000000943190       0.99999999997734090     
   1.0000000000883089       0.99999999997878464     
   1.0000000000825910       0.99999999998015809     
   1.0000000000771523       0.99999999998146449     
   1.0000000000719789       0.99999999998270728     
   1.0000000000670586       0.99999999998388911     
   1.0000000000623785       0.99999999998501343     
   1.0000000000579263       0.99999999998608313     
   1.0000000000536913       0.99999999998710054     
   1.0000000000496641       0.99999999998806821     
   1.0000000000458327       0.99999999998898881     
   1.0000000000421876       0.99999999998986455     
   1.0000000000387210       0.99999999999069744     
   1.0000000000354226       0.99999999999148992     
   1.0000000000322855       0.99999999999224354     
   1.0000000000293008       0.99999999999296063     
   1.0000000000264622       0.99999999999364253     
   1.0000000000237614       0.99999999999429123     
   1.0000000000211924       0.99999999999490830     
   1.0000000000187494       0.99999999999549516     
   1.0000000000164244       0.99999999999605371     
   1.0000000000142133       0.99999999999658484     
   1.0000000000121101       0.99999999999709011     
   1.0000000000101104       0.99999999999757050     
   1.0000000000082077       0.99999999999802769     
   1.0000000000063980       0.99999999999846256     
   1.0000000000046760       0.99999999999887634     
   1.0000000000030387       0.99999999999926970     
   1.0000000000014815       0.99999999999964406     
