   1.7535684174882003E-011   3.5602492699691204E-013
   3.5970442116841953E-011   7.3030364261700754E-013
   5.5350370324347007E-011   1.1237720386303144E-012
   7.5723928713913289E-011   1.5374139910047252E-012
   9.7142061795145104E-011   1.9722638201084793E-012
   1.1965832605854847E-010   2.4294088770499111E-012
   1.4332902389465714E-010   2.9099922626216698E-012
   1.6821334437934066E-010   3.4152156856482169E-012
   1.9437351127732780E-010   3.9463424678839018E-012
   2.2187493863403451E-010   4.5047007029754898E-012
   2.5078639434475455E-010   5.0916865773881445E-012
   2.8118017211022277E-010   5.7087678615989351E-012
   3.1313227220852815E-010   6.3574875802876729E-012
   3.4672259153540157E-010   7.0394678707024426E-012
   3.8203512338807759E-010   7.7564140388477833E-012
   4.1915816749229386E-010   8.5101188236380793E-012
   4.5818455079760515E-010   9.3024668796787753E-012
   4.9921185959311574E-010   1.0135439489884700E-011
   5.4234268352403959E-010   1.1011119519719513E-011
   5.8768487211925799E-010   1.1931696625444431E-011
   6.3535180447132556E-010   1.2899472729399580E-011
   6.8546267274326699E-010   1.3916867776009048E-011
   7.3814278021107754E-010   1.4986425782902603E-011
   7.9352385458719022E-010   1.6110821202285082E-011
   8.5174437740838035E-010   1.7292865608460173E-011
   9.1294993031174952E-010   1.8535514728230854E-011
   9.7729355906465888E-010   1.9841875831756194E-011
   1.0449361562588780E-009   2.1215215502345486E-011
   1.1160468636258792E-009   2.2658967804618260E-011
   1.1908034949792843E-009   2.4176742871454803E-011
   1.2693929808420262E-009   2.5772335931209052E-011
   1.3520118358700434E-009   2.7449736797756637E-011
   1.4388666502412892E-009   2.9213139847108044E-011
   1.5301746062388019E-009   3.1066954505533727E-011
   1.6261640213195543E-009   3.3015816275426860E-011
   1.7270749190270366E-009   3.5064598326474182E-011
   1.8331596291751575E-009   3.7218423681118950E-011
   1.9446834188042292E-009   3.9482678024785837E-011
   2.0619251554867587E-009   4.1863023172900198E-011
   2.1851780046416561E-009   4.4365411228376145E-011
   2.3147501626005053E-009   4.6996099464974639E-011
   2.4509656272589497E-009   4.9761665973747546E-011
   2.5941650082402161E-009   5.2669026111692212E-011
   2.7447063785966154E-009   5.5725449793746458E-011
   2.9029661701787112E-009   5.8938579671363236E-011
   3.0693401149110453E-009   6.2316450243120690E-011
   3.2442442343281105E-009   6.5867507945154213E-011
   3.4281158798449084E-009   6.9600632271646915E-011
   3.6214148263633306E-009   7.3525157978190892E-011
   3.8246244219489287E-009   7.7650898423539195E-011
   4.0382527964528765E-009   8.1988170108114919E-011
   4.2628341321013145E-009   8.6547818470636735E-011
   4.4989299992291896E-009   9.1341245007365558E-011
   4.7471307604986497E-009   9.6380435781784908E-011
   5.0080570471132448E-009   1.0167799139600365E-010
   5.2823613107192532E-009   1.0724715849882572E-010
   5.5707294548746859E-009   1.1310186290927285E-010
   5.8738825501655089E-009   1.1925674443838687E-010
   6.1925786372577501E-009   1.2572719349638397E-010
   6.5276146223940673E-009   1.3252938957669785E-010
   6.8798282700744874E-009   1.3968034171314199E-010
   7.2501002979041015E-009   1.4719793101135512E-010
   7.6393565788458825E-009   1.5510095536088052E-010
   8.0485704563854284E-009   1.6340917643968260E-010
   8.4787651783967280E-009   1.7214336912863673E-010
   8.9310164557949082E-009   1.8132537345955412E-010
   9.4064551523739260E-009   1.9097814922663894E-010
   9.9062701125551537E-009   2.0112583339793472E-010
   1.0431711134117768E-008   2.1179380047031874E-010
   1.0984092093344267E-008   2.2300872591896294E-010
   1.1564794230395650E-008   2.3479865289991872E-010
   1.2175269603131358E-008   2.4719306237261589E-010
   1.2817044718010380E-008   2.6022294681761963E-010
   1.3491724347152623E-008   2.7392088773397744E-010
   1.4200995541105201E-008   2.8832113710993987E-010
   1.4946631847347692E-008   3.0345970307077522E-010
   1.5730497745084722E-008   3.1937443991784073E-010
   1.6554553307415294E-008   3.3610514278405652E-010
   1.7420859102536616E-008   3.5369364714246913E-010
   1.8331581346238045E-008   3.7218393341672844E-010
   1.9288997318569013E-008   3.9162223695505820E-010
   2.0295501058225510E-008   4.1205716364271326E-010
   2.1353609348893981E-008   4.3353981144201390E-010
   2.2465968012521636E-008   4.5612389816387113E-010
   2.3635358525249625E-008   4.7986589579029832E-010
   2.4864704972552410E-008   5.0482517168378558E-010
   2.6157081360974714E-008   5.3106413703663307E-010
   2.7515719304749229E-008   5.5864840293144551E-010
   2.8944016106515716E-008   5.8764694440301834E-010
   3.0445543252347384E-008   6.1813227291185763E-010
   3.2024055342326596E-008   6.5018061766060615E-010
   3.3683499479001024E-008   6.8387211620676206E-010
   3.5428025137196153E-008   7.1929101484831966E-010
   3.7261994539864017E-008   7.5652587928340333E-010
   3.9189993565912979E-008   7.9566981607065100E-010
   4.1216843217293972E-008   8.3682070544411425E-010
   4.3347611674016823E-008   8.8008144606483534E-010
   4.5587626967240413E-008   9.2556021232110371E-010
   4.7942490302126194E-008   9.7337072482078154E-010
   5.0418090063768919E-008   1.0236325347520656E-009
   5.3020616541226795E-008   1.0764713228237378E-009
   5.5756577406468859E-008   1.1320192135324115E-009
   5.8632813986944926E-008   1.1904151055426029E-009
   6.1656518372468054E-008   1.2518050190057514E-009
   6.4835251399185739E-008   1.3163424606866691E-009
   6.8176961555608754E-008   1.3841888078104207E-009
   7.1690004857973096E-008   1.4555137115894563E-009
   7.5383165744633371E-008   1.5304955214400236E-009
   7.9265679041734693E-008   1.6093217309486178E-009
   8.3347253055088736E-008   1.6921894467036254E-009
   8.7638093845995359E-008   1.7793058811644755E-009
   9.2148930751712582E-008   1.8708888708007382E-009
   9.6891043214388593E-008   1.9671674207967793E-009
   1.0187628898554277E-007   2.0683822776840222E-009
   1.0711713377662151E-007   2.1747865313326940E-009
   1.1262668242977004E-007   2.2866462478083471E-009
   1.1841871168676454E-007   2.4042411346756337E-009
   1.2450770463804269E-007   2.5278652404129275E-009
   1.3090888693797417E-007   2.6578276896867074E-009
   1.3763826487692766E-007   2.7944534563242618E-009
   1.4471266540533439E-007   2.9380841759175513E-009
   1.5214977820982910E-007   3.0890790000901663E-009
   1.5996819994668142E-007   3.2478154945634839E-009
   1.6818748074312299E-007   3.4146905832676666E-009
   1.7682817308284916E-007   3.5901215408582655E-009
   1.8591188319793352E-007   3.7745470361202380E-009
   1.9546132509566270E-007   3.9684282288684367E-009
   2.0550037735538503E-007   4.1722499230873846E-009
   2.1605414283739718E-007   4.3865217791938008E-009
   2.2714901145317012E-007   4.6117795884531503E-009
   2.3881272615387316E-007   4.8485866127369228E-009
   2.5107445230220191E-007   5.0975349929707484E-009
   2.6396485060097639E-007   5.3592472297951892E-009
   2.7751615376086702E-007   5.6343777401416274E-009
   2.9176224709896019E-007   5.9236144936155216E-009
   3.0673875326969956E-007   6.2276807327788114E-009
   3.2248312134007505E-007   6.5473367816330994E-009
   3.3903472043179554E-007   6.8833819468257478E-009
   3.5643493816459686E-007   7.2366565163328957E-009
   3.7472728414684689E-007   7.6080438606171487E-009
   3.9395749877222590E-007   7.9984726415139268E-009
   4.1417366759453277E-007   8.4089191343698426E-009
   4.3542634156661199E-007   8.8404096692396627E-009
   4.5776866344406117E-007   9.2940231972461018E-009
   4.8125650066979651E-007   9.7708939885197253E-009
   5.0594858507175328E-007   1.0272214468465162E-008
   5.3190665972304083E-007   1.0799238199445820E-008
   5.5919563333177721E-007   1.1353283015342832E-008
   5.8788374254666036E-007   1.1935734316826298E-008
   6.1804272258412220E-007   1.2548048535578672E-008
   6.4974798660372358E-007   1.3191756776132711E-008
   6.8307881428031929E-007   1.3868468644430426E-008
   7.1811855004452673E-007   1.4579876272676473E-008
   7.5495481148719615E-007   1.5327758550550173E-008
   7.9367970844900899E-007   1.6113985573356443E-008
   8.3439007334303405E-007   1.6940523318238265E-008
   8.7718770328617412E-007   1.7809438560143743E-008
   9.2217961464495587E-007   1.8722904039840133E-008
   9.6947831063215814E-007   1.9683203896897684E-008
   1.0192020626234105E-006   2.0692739381228484E-008
   1.0714752058971980E-006   2.1754034857462148E-008
   1.1264284505377812E-006   2.2869744117172493E-008
   1.1841992082784408E-006   2.4042657014738964E-008
   1.2449319361023336E-006   2.5275706443435935E-008
   1.3087784974601372E-006   2.6571975669193827E-008
   1.3758985420077127E-006   2.7934706040370140E-008
   1.4464599048133279E-006   2.9367305092808939E-008
   1.5206390260326699E-006   3.0873355070455623E-008
   1.5986213921010452E-006   3.2456621882832959E-008
   1.6806019995459852E-006   3.4121064521776768E-008
   1.7667858425800196E-006   3.5870844960977911E-008
   1.8573884256928639E-006   3.7710338563084753E-008
   1.9526363025247500E-006   3.9644145020389086E-008
   2.0527676423683854E-006   4.1677099856453123E-008
   2.1580328257160659E-006   4.3814286517437422E-008
   2.2686950703411380E-006   4.6061049083364576E-008
   2.3850310894793212E-006   4.8423005631103213E-008
   2.5073317837556994E-006   5.0906062282486963E-008
   2.6359029685875450E-006   5.3516427972695819E-008
   2.7710661388818657E-006   5.6260629975828622E-008
   2.9131592729398110E-006   5.9145530226488737E-008
   3.0625376775781158E-006   6.2178342478195282E-008
   3.2195748765808189E-006   6.5366650341524948E-008
   3.3846635447028462E-006   6.8718426247089097E-008
   3.5582164895609476E-006   7.2242051380763550E-008
   3.7406676838672256E-006   7.5946336641019511E-008
   3.9324733505863672E-006   7.9840544670759773E-008
   4.1341131037300286E-006   8.3934413018751289E-008
   4.3460911476409616E-006   8.8238178488570003E-008
   4.5689375377656802E-006   9.2762602735942532E-008
   4.8032095060682814E-006   9.7518999178491929E-008
   5.0494928543996100E-006   1.0251926128517532E-007
   5.3084034193059149E-006   1.0777589231615236E-007
   5.5805886119397761E-006   1.1330203658744914E-007
   5.8667290369238546E-006   1.1911151233859577E-007
   6.1675401942154714E-006   1.2521884628542393E-007
   6.4837742682275451E-006   1.3163930994442410E-007
   6.8162220086795723E-006   1.3838895781949250E-007
   7.1657147078818011E-006   1.4548466754655449E-007
   7.5331262793967613E-006   1.5294418209644671E-007
   7.9193754432758997E-006   1.6078615414158759E-007
   8.3254280233354950E-006   1.6903019269737520E-007
   8.7522993622162552E-006   1.7769691215494149E-007
   9.2010568602654064E-006   1.8680798382786889E-007
   9.6728226445898622E-006   1.9638619014176414E-007
   1.0168776374954343E-005   2.0645548160219077E-007
   1.0690158193540704E-005   2.1704103668341007E-007
   1.1238271825944335E-005   2.2816932478768349E-007
   1.1814487841161657E-005   2.3986817243256758E-007
   1.2420247078720346E-005   2.5216683283170415E-007
   1.3057064251521857E-005   2.6509605904309387E-007
   1.3726531733405141E-005   2.7868818086776215E-007
   1.4430323540902315E-005   2.9297718569110374E-007
   1.5170199519142768E-005   3.0799880346905233E-007
   1.5948009742372454E-005   3.2379059607158371E-007
   1.6765699140091899E-005   3.4039205120695876E-007
   1.7625312360380571E-005   3.5784468116156499E-007
   1.8528998882568327E-005   3.7619212660225887E-007
   1.9479018392038131E-005   3.9548026570076725E-007
   2.0477746430599659E-005   4.1575732885301698E-007
   2.1527680336562598E-005   4.3707401928025059E-007
   2.2631445489362624E-005   4.5948363981349325E-007
   2.3791801874354741E-005   4.8304222617839831E-007
   2.5011650984189126E-005   5.0780868711375387E-007
   2.6294043074026224E-005   5.3384495167401766E-007
   2.7642184788732724E-005   5.6121612408421536E-007
   2.9059447181129983E-005   5.8999064653442000E-007
   3.0549374141344339E-005   6.2024047032088071E-007
   3.2115691258336921E-005   6.5204123576174852E-007
   3.3762315135770492E-005   6.8547246133727443E-007
   3.5493363185508029E-005   7.2061774252743706E-007
   3.7313163923230824E-005   7.5756496084419074E-007
   3.9226267791920244E-005   7.9640650358102796E-007
   4.1237458540266783E-005   8.3723949482934194E-007
   4.3351765184457652E-005   8.8016603833925226E-007
   4.5574474583252960E-005   9.2529347283217143E-007
   4.7911144657793640E-005   9.7273464040352639E-007
   5.0367618289196799E-005   1.0226081686867817E-006
   5.2950037928688849E-005   1.0750387674843241E-006
   5.5664860956807645E-005   1.1301575406069348E-006
   5.8518875830078984E-005   1.1881023137016151E-006
   6.1519219055540964E-005   1.2490179788875053E-006
   6.4673393035559674E-005   1.3130568570616639E-006
   6.7989284827556034E-005   1.3803790787806608E-006
   7.1475185865550967E-005   1.4511529846703913E-006
   7.5139812692840934E-005   1.5255555463653363E-006
   7.8992328757643957E-005   1.6037728090298418E-006
   8.3042367326214363E-005   1.6860003565679526E-006
   8.7300055570717632E-005   1.7724438006850591E-006
   9.1776039892095226E-005   1.8633192950242770E-006
   9.6481512541235460E-005   1.9588540756631586E-006
   1.0142823960501427E-004   2.0592870293222670E-006
   1.0662859042718092E-004   2.1648692907064255E-006
   1.1209556853765154E-004   2.2758648704723076E-006
   1.1784284416754511E-004   2.3925513153926170E-006
   1.2388478843126024E-004   2.5152204023676070E-006
   1.3023650926106010E-004   2.6441788680193323E-006
   1.3691388918401319E-004   2.7797491756929983E-006
   1.4393362503574525E-004   2.9222703217833155E-006
   1.5131326971029772E-004   3.0720986834020812E-006
   1.5907127605048113E-004   3.2296089095066189E-006
   1.6722704298846095E-004   3.3951948577173425E-006
   1.7580096405194073E-004   3.5692705791669900E-006
   1.8481447835722018E-004   3.7522713538441549E-006
   1.9429012421662371E-004   3.9446547790200163E-006
   2.0425159549433100E-004   4.1469019134799048E-006
   2.1472380085151097E-004   4.3595184804208725E-006
   2.2573292602888427E-004   4.5830361320231437E-006
   2.3730649932243321E-004   4.8180137788575295E-006
   2.4947346041595840E-004   5.0650389874530202E-006
   2.6226423274257517E-004   5.3247294495192028E-006
   2.7571079955606283E-004   5.5977345264973192E-006
   2.8984678390225378E-004   5.8847368733021578E-006
   3.0470753269039877E-004   6.1864541453149700E-006
   3.2033020507469276E-004   6.5036407928957835E-006
   3.3675386536691964E-004   6.8370899479023402E-006
   3.5401958071249964E-004   7.1876354069329190E-006
   3.7217052377412911E-004   7.5561537162521990E-006
   3.9125208067972123E-004   7.9435663636135633E-006
   4.1131196450450749E-004   8.3508420824585249E-006
   4.3240033457100029E-004   8.7789992742550050E-006
   4.5456992186504848E-004   9.2291085550315267E-006
   4.7787616088151174E-004   9.7022954324750362E-006
   5.0237732822913954E-004   1.0199743120286448E-005
   5.2813468834114069E-004   1.0722695496831301E-005
   5.5521264665567814E-004   1.1272460215483662E-005
   5.8367891064920049E-004   1.1850411974440793E-005
   6.1360465912513274E-004   1.2457995954184793E-005
   6.4506472018108837E-004   1.3096731431186673E-005
   6.7813775829944037E-004   1.3768215576888993E-005
   7.1290647102889278E-004   1.4474127451466535E-005
   7.4945779574864669E-004   1.5216232202351437E-005
   7.8788312703195599E-004   1.5996385478021320E-005
   8.2827854515233874E-004   1.6816538068087207E-005
   8.7074505630355126E-004   1.7678740781283797E-005
   9.1538884513368986E-004   1.8585149573559687E-005
   9.6232154022454807E-004   1.9538030939090382E-005
   1.0116604931796854E-003   2.0539767577694470E-005
   1.0635290720186585E-003   2.1592864352824442E-005
   1.1180569696105905E-003   2.2699954555030231E-005
   1.1753805279178097E-003   2.3863806486557395E-005
   1.2356430788597770E-003   2.5087330383544916E-005
   1.2989953026490044E-003   2.6373585693131581E-005
   1.3655956044943093E-003   2.7725788723667710E-005
   1.4356105106125825E-003   2.9147320687161522E-005
   1.5092150845384706E-003   3.0641736154070665E-005
   1.5865933647720026E-003   3.2212771941580037E-005
   1.6679388248574917E-003   3.3864356457591512E-005
   1.7534548570429733E-003   3.5600619523790170E-005
   1.8433552807283111E-003   3.7425902702349971E-005
   1.9378648769719320E-003   3.9344770152100921E-005
   2.0372199503911510E-003   4.1362020041303837E-005
   2.1416689198593877E-003   4.3482696545570620E-005
   2.2514729394753638E-003   4.5712102460931082E-005
   2.3669065513548574E-003   4.8055812463585456E-005
   2.4882583718749216E-003   5.0519687049499116E-005
   2.6158318130838172E-003   5.3109887188695429E-005
   2.7499458410775619E-003   5.5832889730890468E-005
   2.8909357732360306E-003   5.8695503600991366E-005
   3.0391541163083393E-003   6.1704886824955719E-005
   3.1949714474388876E-003   6.4868564428585457E-005
   3.3587773403322930E-003   6.8194447254011527E-005
   3.5309813388676886E-003   7.1690851740920415E-005
   3.7120139805907719E-003   7.5366520721985763E-005
   3.9023278726359086E-003   7.9230645284504648E-005
   4.1023988227606714E-003   8.3292887752904027E-005
   4.3127270283118847E-003   8.7563405849585277E-005
   4.5338383260857141E-003   9.2052878094521932E-005
   4.7662855061950116E-003   9.6772530507122635E-005
   5.0106496932151899E-003   1.0173416467712785E-004
   5.2675417980458366E-003   1.0695018727473219E-004
   5.5376040440992700E-003   1.1243364107372332E-004
   5.8215115716096161E-003   1.1819823756521093E-004
   6.1199741240472111E-003   1.2425839124349770E-004
   6.4337378208232038E-003   1.3062925564982409E-004
   6.7635870206787354E-003   1.3732676126411582E-004
   7.1103462803719245E-003   1.4436765533948278E-004
   7.4748824135044247E-003   1.5176954377907608E-004
   7.8581066545675617E-003   1.5955093516001792E-004
   8.2609769335359497E-003   1.6773128701448643E-004
   8.6845002665937795E-003   1.7633105448368249E-004
   9.1297352688453973E-003   1.8537174146633897E-004
   9.5977947951364721E-003   1.9487595438966987E-004
   1.0089848715394296E-002   2.0486745873721541E-004
   1.0607126831183589E-002   2.1537123847493127E-004
   1.1150921940466192E-002   2.2641355852411930E-004
   1.1722593057845709E-002   2.3802203043741318E-004
   1.2323568797868232E-002   2.5022568144204431E-004
   1.2955350929232456E-002   2.6305502702303186E-004
   1.3619518108029865E-002   2.7654214722779220E-004
   1.4317729798379943E-002   2.9072076688296979E-004
   1.5051730389034304E-002   3.0562633992407237E-004
   1.5823353514683239E-002   3.2129613804878019E-004
   1.6634526590787915E-002   3.3776934391560625E-004
   1.7487275570757556E-002   3.5508714912095514E-004
   1.8383729934160251E-002   3.7329285719957305E-004
   1.9326127914357411E-002   3.9243199190594328E-004
   2.0316821973432743E-002   4.1255241104738840E-004
   2.1358284531477721E-002   4.3370442615352006E-004
   2.2453113956110989E-002   4.5594092828127276E-004
   2.3604040816437011E-002   4.7931752027010011E-004
   2.4813934403347677E-002   5.0389265577803933E-004
   2.6085809514959559E-002   5.2972778544630892E-004
   2.7422833501828038E-002   5.5688751055792270E-004
   2.8828333561098086E-002   5.8543974457455370E-004
   3.0305804261568498E-002   6.1545588295556586E-004
   3.1858915272297887E-002   6.4701098168385731E-004
   3.3491519255276825E-002   6.8018394494491767E-004
   3.5207659867094225E-002   7.1505772242839722E-004
   3.7011579794512944E-002   7.5171951674554347E-004
   3.8907728723289507E-002   7.9026100148115765E-004
   4.0900771107001375E-002   8.3077855042531460E-004
   4.2995593561331161E-002   8.7337347855804333E-004
   4.5197311657070145E-002   9.1815229538955785E-004
   4.7511275819472482E-002   9.6522697128951845E-004
   4.9943075959478375E-002   1.0147152174712880E-003
   5.2498544360189157E-002   1.0667407803312853E-003
   5.5183756215832984E-002   1.1214337508794439E-003
   5.8005027065982644E-002   1.1789308900345072E-003
   6.0968906180596853E-002   1.2393759705975700E-003
   6.4082164727612620E-002   1.3029201367589826E-003
   6.7351777291654993E-002   1.3697222820375622E-003
   7.0784895009909879E-002   1.4399494465971686E-003
   7.4388808253894267E-002   1.5137772349341312E-003
   7.8170896425836078E-002   1.5913902549799734E-003
   8.2138562079129659E-002   1.6729825797174112E-003
   8.6299146253759951E-002   1.7587582324639136E-003
   9.0659821701775875E-002   1.8489316970362831E-003
   9.5227460654877111E-002   1.9437284540719313E-003
  0.10000847407789151        2.0433855448479393E-003
  0.10500862011123267        2.1481521640077357E-003
  0.11023278080569450        2.2582902826775234E-003
  0.11568470846225772        2.3740753035305698E-003
  0.12136674602440474        2.4957967494373626E-003
  0.12727953002684528        2.6237589874236107E-003
  0.13342168937432419        2.7582819897463712E-003
  0.13978955821719277        2.8997021339913802E-003
  0.14637692560156115        3.0483730441922545E-003
  0.15317484734037748        3.2046664750747969E-003
  0.16017154555053228        3.3689732416374760E-003
  0.16735241765052894        3.5417041963925170E-003
  0.17470016904640848        3.7232912567112192E-003
  0.18219507287152015        3.9141884848423909E-003
  0.18981534752855755        4.1148732233045127E-003
  0.19753763057318452        4.3258472884907112E-003
  0.20533751790146865        4.5476382254711597E-003
  0.21319013191677305        4.7808006271305818E-003
  0.22107068200800156        5.0259175209393754E-003
  0.22895498482542156        5.2836018268260206E-003
  0.23681991920954287        5.5544978897962031E-003
  0.24464379955145449        5.8392830911309966E-003
  0.25240666026359365        6.1386695421929514E-003
  0.26009045174473189        6.4534058650754763E-003
  0.26767915408118231        6.7842790645480664E-003
  0.27515881856584129        7.1321164959782185E-003
  0.28251754911000154        7.4977879341508622E-003
  0.28974543613196269        7.8822077481584280E-003
  0.29683445495353528        8.2863371877999296E-003
  0.30377833951642674        8.7111867872062161E-003
  0.31057244066984424        9.1578188917017453E-003
  0.31721357661808086        9.6273503142213189E-003
  0.32369988151234996        1.0120955127924229E-002
  0.33003065671928977        1.0639867601988791E-002
  0.33620622804530459        1.1185385287928279E-002
  0.34222781115384737        1.1758872264145679E-002
  0.34809738657362327        1.2361762546840304E-002
  0.35381758503965055        1.2995563675795354E-002
  0.35939158341108995        1.3661860484012717E-002
  0.36482301104358489        1.4362319060621114E-002
  0.37011586623472281        1.5098690916966851E-002
  0.37527444218693840        1.5872817366304654E-002
  0.38030326182364560        1.6686634128040025E-002
  0.38520702073573720        1.7542176168036182E-002
  0.38999053751389434        1.8441582787088833E-002
  0.39465871072713815        1.9387102970292634E-002
  0.39921648183170744        2.0381101010675536E-002
  0.40366880333052696        2.1426062421163048E-002
  0.40802061154765168        2.2524600149655367E-002
  0.41227680343077500        2.3679461112758350E-002
  0.41644221684581323        2.4893533064506049E-002
  0.42052161387912335        2.6169851817250164E-002
  0.42451966671408242        2.7511608832772438E-002
  0.42844094569899072        2.8922159202601699E-002
  0.43228990927234712        3.0405030037490541E-002
  0.43607089545947253        3.1963929287029631E-002
  0.43978811470137530        3.3602755011453371E-002
  0.44344564382284896        3.5325605128821179E-002
  0.44704742099224426        3.7136787661947425E-002
  0.45059724157025277        3.9040831510702784E-002
  0.45409875478928918        4.1042497776623207E-002
  0.45755546124837337        4.3146791668144099E-002
  0.46097071125020689        4.5358975016228840E-002
  0.46434770404651171        4.7684579431687385E-002
  0.46768948809345307        5.0129420137084955E-002
  0.47099896244956191        5.2699610507827926E-002
  0.47427887947229647        5.5401577358787119E-002
  0.47753184898438489        5.8242077014683001E-002
  0.48076034408564050        6.1228212204417223E-002
  0.48396670877862324        6.4367449821595049E-002
  0.48715316755649968        6.7667639595649295E-002
  0.49032183706878679        7.1137033720253137E-002
  0.49347473993644597        7.4784307488103385E-002
  0.49661382073440680        7.8618580983671582E-002
  0.49974096410061142        8.2649441888166322E-002
  0.50285801487074755        8.6886969453730950E-002
  0.50596680008235939        9.1341759706824774E-002
  0.50906915264657870        9.6024951943809222E-002
  0.51216693645547440       0.10094825658499168     
  0.51526207268206847       0.10612398445677694     
  0.51835656704082511       0.11156507757514651     
  0.52145253780921563       0.11728514150744071     
  0.52455224446381776       0.12329847939336487     
  0.52765811685313091       0.12962012771028983     
  0.53077278490778035       0.13626589387227869     
  0.53389910896952730       0.14325239575685672     
  0.53704021089504783       0.15059710325836245     
  0.54019950614993673       0.15831838197178444     
  0.54338073714363333       0.16643553911631614     
  0.54658800805741892       0.17496887181346230     
  0.54982582137474934       0.18393971784041632     
  0.55309911622344676       0.19337050898561925     
  0.55641330846679193       0.20328482713991677     
  0.55977433221427686       0.21370746326357135     
  0.56318868203476036       0.22466447937657763     
  0.56666345460854528       0.23618327372728970     
  0.57020638780500643       0.24829264930231493     
  0.57382589416607255       0.26102288584898548     
  0.57753108445921519       0.27440581559050098     
  0.58133177529601221       0.28847490282306965     
  0.58523847279490904       0.30326532759408176     
  0.58926232199341477       0.31881407367055542     
  0.59341500945663539       0.33516002101782094     
  0.59770860486649513       0.35234404301968869     
  0.60215532735943811       0.37040910868320143     
  0.60676722584980836       0.38940039008353694     
  0.61155577164083585       0.40936537531772832     
  0.61653138284395226       0.43035398724964558     
  0.62170291819084300       0.45241870834316256     
  0.62707731298064884       0.47561471189565774     
  0.63265906031822716       0.50000000000000000     
  0.63817004804868449       0.52438528810434226     
  0.64334631790749841       0.54758129165683744     
  0.64821128814216800       0.56964601275035442     
  0.65278791384205803       0.59063462468227168     
  0.65709897268109352       0.61059960991646300     
  0.66116674330939273       0.62959089131679857     
  0.66501270121291867       0.64765595698031131     
  0.66865724497489731       0.66483997898217906     
  0.67211950070375459       0.68118592632944464     
  0.67541720797349492       0.69673467240591824     
  0.67856667769511814       0.71152509717693035     
  0.68158280624007450       0.72559418440949908     
  0.68447912975729630       0.73897711415101452     
  0.68726790467300702       0.75170735069768513     
  0.68996020326890894       0.76381672627271024     
  0.69256601611713176       0.77533552062342237     
  0.69509435562670174       0.78629253673642863     
  0.69755335691186493       0.79671517286008320     
  0.69995037364850199       0.80662949101438075     
  0.70229206761828866       0.81606028215958371     
  0.70458449134222700       0.82503112818653768     
  0.70683316366082427       0.83356446088368386     
  0.70904313839872068       0.84168161802821562     
  0.71121906641289001       0.84940289674163760     
  0.71336525140732820       0.85674760424314322     
  0.71548569993322797       0.86373410612772128     
  0.71758416600234265       0.87037987228971014     
  0.71966419073566357       0.87670152060663509     
  0.72172913745746237       0.88271485849255926     
  0.72378222263028091       0.88843492242485345     
  0.72582654301123972       0.89387601554322305     
  0.72786509939432109       0.89905174341500826     
  0.72990081728659262       0.90397504805619078     
  0.73193656484799541       0.90865824029317521     
  0.73397516840377641       0.91311303054626902     
  0.73601942581559432       0.91735055811183364     
  0.73807211797176586       0.92138141901632842     
  0.74013601862933420       0.92521569251189661     
  0.74221390281106581       0.92886296627974685     
  0.74430855392970174       0.93233236040435075     
  0.74642276978034550       0.93563255017840496     
  0.74855936751030205       0.93877178779558279     
  0.75072118764436835       0.94175792298531702     
  0.75291109721283034       0.94459842264121285     
  0.75513199199934067       0.94730038949217221     
  0.75738679789649177       0.94987057986291512     
  0.75967847132813149       0.95231542056831264     
  0.76200999866912755       0.95464102498377112     
  0.76438439456514329       0.95685320833185594     
  0.76680469902676207       0.95895750222337683     
  0.76927397314377077       0.96095916848929708     
  0.77179529323633533       0.96286321233805272     
  0.77437174323007363       0.96467439487117879     
  0.77700640501162543       0.96639724498854673     
  0.77970234649034353       0.96803607071297026     
  0.78246260706063897       0.96959496996250949     
  0.78529018012883567       0.97107784079739823     
  0.78818799233930636       0.97248839116722752     
  0.79115887910855165       0.97383014818274971     
  0.79420555605501908       0.97510646693549385     
  0.79733058589964312       0.97632053888724157     
  0.80053634041129884       0.97747539985034460     
  0.80382495698758061       0.97857393757883682     
  0.80719828950105443       0.97961889898932453     
  0.81065785311244809       0.98061289702970722     
  0.81420476286507326       0.98155841721291104     
  0.81783966604091718       0.98245782383196367     
  0.82156266849206794       0.98331336587195994     
  0.82537325547650231       0.98412718263369536     
  0.82927020794057638       0.98490130908303319     
  0.83325151571632872       0.98563768093937898     
  0.83731428975068734       0.98633813951598737     
  0.84145467625831893       0.98700443632420465     
  0.84566777657845482       0.98763823745315982     
  0.84994757748443106       0.98824112773585449     
  0.85428689767676191       0.98881461471207166     
  0.85867735707803639       0.98936013239801113     
  0.86310937618250905       0.98987904487207579     
  0.86757221288608366       0.99037264968577876     
  0.87205404368626904       0.99084218110829825     
  0.87654209464579735       0.99128881321279372     
  0.88102282486355343       0.99171366281220019     
  0.88548216134023250       0.99211779225184160     
  0.88990577924899150       0.99250221206584910     
  0.89427941621616613       0.99286788350402166     
  0.89858920408520804       0.99321572093545185     
  0.90282199777579797       0.99354659413492452     
  0.90696567922346738       0.99386133045780700     
  0.91100941562647519       0.99416071690886887     
  0.91494385538410350       0.99444550211020388     
  0.91876125155490151       0.99471639817317414     
  0.92245551022485750       0.99497408247906072     
  0.92602216847176611       0.99521919937286940     
  0.92945831243753985       0.99545236177452889     
  0.93276244964187927       0.99567415271150927     
  0.93593435093373689       0.99588512677669550     
  0.93897487671691904       0.99608581151515752     
  0.94188579992658894       0.99627670874328877     
  0.94466963536285953       0.99645829580360745     
  0.94732948199666334       0.99663102675836246     
  0.94986888216007481       0.99679533352492511     
  0.95229169933736291       0.99695162695580763     
  0.95460201464920924       0.99710029786600873     
  0.95680404103349315       0.99724171801025352     
  0.95890205348183455       0.99737624101257638     
  0.96090033338427305       0.99750420325056266     
  0.96280312496445009       0.99762592469646938     
  0.96461460186884895       0.99774170971732234     
  0.96633884214228316       0.99785184783599223     
  0.96797981003111810       0.99795661445515194     
  0.96954134327565045       0.99805627154592791     
  0.97102714476450258       0.99815106830296363     
  0.97244077761697323       0.99824124176753604     
  0.97378566292893187       0.99832701742028274     
  0.97506507956331057       0.99840860974501988     
  0.97628216548862801       0.99848622276506593     
  0.97743992026999382       0.99856005055340291     
  0.97854120840017778       0.99863027771796242     
  0.97958876322521649       0.99869707986324097     
  0.98058519127320631       0.99876062402940258     
  0.98153297683798890       0.99882106910996549     
  0.98243448670384248       0.99887856624912053     
  0.98329197492426257       0.99893325921966869     
  0.98410758758939010       0.99898528478252879     
  0.98488336753334194       0.99903477302871035     
  0.98562125894575270       0.99908184770461039     
  0.98632311186198507       0.99912662652144191     
  0.98699068651441646       0.99916922144957465     
  0.98762565753313769       0.99920973899851873     
  0.98822961798915310       0.99924828048325443     
  0.98880408327661995       0.99928494227757148     
  0.98935049483338022       0.99931981605505504     
  0.98987022370095656       0.99935298901831604     
  0.99036457392673960       0.99938454411704447     
  0.99083478581200168       0.99941456025542541     
  0.99128203901030076       0.99944311248944206     
  0.99170745548111672       0.99947027221455365     
  0.99211210230408009       0.99949610734422201     
  0.99249699435916794       0.99952068247972981     
  0.99286309687841900       0.99954405907171873     
  0.99321132787462185       0.99956629557384657     
  0.99354256045242173       0.99958744758895257     
  0.99385762500717190       0.99960756800809403     
  0.99415731131663676       0.99962670714280044     
  0.99444237053061635       0.99964491285087897     
  0.99471351706328859       0.99966223065608451     
  0.99497143039288261       0.99967870386195135     
  0.99521675677320043       0.99969437366007596     
  0.99545011086118906       0.99970927923311703     
  0.99567207726466878       0.99972345785277206     
  0.99588321201410590       0.99973694497297694     
  0.99608404396213102       0.99974977431855794     
  0.99627507611437360       0.99976197796956257     
  0.99645678689494022       0.99977358644147585     
  0.99662963134977556       0.99978462876152507     
  0.99679404229095547       0.99979513254126262     
  0.99695043138482908       0.99980512404561028     
  0.99709919018672444       0.99981462825853373     
  0.99724069112493208       0.99982366894551644     
  0.99737528843638590       0.99983226871298536     
  0.99750331905648160       0.99984044906484004     
  0.99762510346521227       0.99984823045622095     
  0.99774094649188472       0.99985563234466057     
  0.99785113808033854       0.99986267323873590     
  0.99795595401669623       0.99986937074435012     
  0.99805565662144757       0.99987574160875647     
  0.99815049540762191       0.99988180176243480     
  0.99824070770673379       0.99988756635892617     
  0.99832651926409033       0.99989304981272520     
  0.99840814480491702       0.99989826583532271     
  0.99848578857281700       0.99990322746949289     
  0.99855964484182635       0.99990794712190545     
  0.99862989840346827       0.99991243659415030     
  0.99869672502993267       0.99991670711224712     
  0.99876029191461135       0.99992076935471552     
  0.99882075809109450       0.99992463347927807     
  0.99887827483166713       0.99992830914825914     
  0.99893298602632130       0.99993180555274597     
  0.99898502854323723       0.99993513143557144     
  0.99903453257164287       0.99993829511317511     
  0.99908162194790850       0.99994130449639906     
  0.99912641446571049       0.99994416711026912     
  0.99916902217104075       0.99994689011281146     
  0.99920955164277425       0.99994948031295061     
  0.99924810425957178       0.99995194418753652     
  0.99928477645369407       0.99995428789753893     
  0.99931965995246264       0.99995651730345436     
  0.99935284200787788       0.99995863797995865     
  0.99938440561506481       0.99996065522984789     
  0.99941442972002281       0.99996257409729761     
  0.99944298941724241       0.99996439938047621     
  0.99947015613765833       0.99996613564354242     
  0.99949599782744503       0.99996778722805857     
  0.99952057911805159       0.99996935826384603     
  0.99954396148797175       0.99997085267931285     
  0.99956620341658142       0.99997227421127632     
  0.99958736053049080       0.99997362641430676     
  0.99960748574273872       0.99997491266961658     
  0.99962662938518099       0.99997613619351333     
  0.99964483933446180       0.99997730004544483     
  0.99966216113177975       0.99997840713564734     
  0.99967863809682811       0.99997946023242235     
  0.99969431143620668       0.99998046196906076     
  0.99970922034649867       0.99998141485042646     
  0.99972340211232114       0.99998232125921860     
  0.99973689219963136       0.99998318346193193     
  0.99974972434442122       0.99998400361452200     
  0.99976193063713759       0.99998478376779776     
  0.99977354160293885       0.99998552587254852     
  0.99978458627807332       0.99998623178442314     
  0.99979509228249397       0.99998690326856887     
  0.99980508588896311       0.99998754200404594     
  0.99981459208875978       0.99998814958802562     
  0.99982363465419977       0.99998872753978441     
  0.99983223619809614       0.99998927730450304     
  0.99984041823031433       0.99998980025687967     
  0.99984820121157614       0.99999029770456749     
  0.99985560460464107       0.99999077089144495     
  0.99986264692297511       0.99999122100072579     
  0.99986934577706599       0.99999164915791749     
  0.99987571791846730       0.99999205643363642     
  0.99988177928168342       0.99999244384628361     
  0.99988754502404531       0.99999281236459303     
  0.99989302956359272       0.99999316291005214     
  0.99989824661515359       0.99999349635920709     
  0.99990320922463549       0.99999381354585470     
  0.99990792980165433       0.99999411526312654     
  0.99991242015057791       0.99999440226547365     
  0.99991669150002283       0.99999467527055053     
  0.99992075453097051       0.99999493496101255     
  0.99992461940345556       0.99999518198622117     
  0.99992829578197784       0.99999541696386796     
  0.99993179285967848       0.99999564048151945     
  0.99993511938132706       0.99999585309808636     
  0.99993828366518922       0.99999605534522096     
  0.99994129362382966       0.99999624772864615     
  0.99994415678389625       0.99999643072942079     
  0.99994688030495404       0.99999660480514230     
  0.99994947099737430       0.99999677039109047     
  0.99995193533937654       0.99999692790131656     
  0.99995427949322579       0.99999707772967816     
  0.99995650932064151       0.99999722025082427     
  0.99995863039745725       0.99999735582113214     
  0.99996064802755480       0.99999748477959749     
  0.99996256725615618       0.99999760744868460     
  0.99996439288240424       0.99999772413512955     
  0.99996612947138119       0.99999783513070928     
  0.99996778136552888       0.99999794071297055     
  0.99996935269550202       0.99999804114592428     
  0.99997084739049302       0.99999813668070503     
  0.99997226918806070       0.99999822755619938     
  0.99997362164348647       0.99999831399964356     
  0.99997490813864520       0.99999839622719089     
  0.99997613189048473       0.99999847444445356     
  0.99997729595905227       0.99999854884701533     
  0.99997840325515130       0.99999861962092118     
  0.99997945654762754       0.99999868694314298     
  0.99998045847027861       0.99999875098202107     
  0.99998141152845677       0.99999881189768614     
  0.99998231810532634       0.99999886984245945     
  0.99998318046781165       0.99999892496123244     
  0.99998400077228877       0.99999897739183130     
  0.99998478106995836       0.99999902726535972     
  0.99998552331198032       0.99999907470652705     
  0.99998622935436254       0.99999911983396150     
  0.99998690096259069       0.99999916276050516     
  0.99998753981603883       0.99999920359349648     
  0.99998814751218457       0.99999924243503924     
  0.99998872557058949       0.99999927938225741     
  0.99998927543671257       0.99999931452753865     
  0.99998979848550873       0.99999934795876422     
  0.99999029602487954       0.99999937975952968     
  0.99999076929893405       0.99999941000935333     
  0.99999121949111436       0.99999943878387587     
  0.99999164772713600       0.99999946615504820     
  0.99999205507781785       0.99999949219131279     
  0.99999244256175002       0.99999951695777378     
  0.99999281114784944       0.99999954051636009     
  0.99999316175777564       0.99999956292598069     
  0.99999349526823544       0.99999958424267099     
  0.99999381251318931       0.99999960451973446     
  0.99999411428590523       0.99999962380787333     
  0.99999440134098350       0.99999964215531889     
  0.99999467439620815       0.99999965960794879     
  0.99999493413436313       0.99999967620940400     
  0.99999518120493025       0.99999969200119654     
  0.99999541622571342       0.99999970702281427     
  0.99999563978439210       0.99999972131181902     
  0.99999585243998179       0.99999973490394112     
  0.99999605472422604       0.99999974783316725     
  0.99999624714294477       0.99999976013182745     
  0.99999643017729123       0.99999977183067523     
  0.99999660428493908       0.99999978295896319     
  0.99999676990125697       0.99999979354451840     
  0.99999692744036583       0.99999980361380980     
  0.99999707729619947       0.99999981319201614     
  0.99999721984347312       0.99999982230308782     
  0.99999735543863399       0.99999983096980727     
  0.99999748442073644       0.99999983921384583     
  0.99999760711230634       0.99999984705581790     
  0.99999772382013530       0.99999985451533235     
  0.99999783483605598       0.99999986161104215     
  0.99999794043766566       0.99999986836069021     
  0.99999804088901856       0.99999987478115371     
  0.99999813644130187       0.99999988088848768     
  0.99999822733344190       0.99999988669796325     
  0.99999831379272275       0.99999989222410768     
  0.99999839603533180       0.99999989748073870     
  0.99999847426691924       0.99999990248100068     
  0.99999854868311167       0.99999990723739740     
  0.99999861946997537       0.99999991176182135     
  0.99999868680452952       0.99999991606558714     
  0.99999875085513501       0.99999992015945549     
  0.99999881178195094       0.99999992405366323     
  0.99999886973733654       0.99999992775794866     
  0.99999892486619968       0.99999993128157372     
  0.99999897730639842       0.99999993463334969     
  0.99999902718905642       0.99999993782165741     
  0.99999907463890858       0.99999994085446964     
  0.99999911977460743       0.99999994373937007     
  0.99999916270900890       0.99999994648357204     
  0.99999920354947436       0.99999994909393775     
  0.99999924239812843       0.99999995157699439     
  0.99999927935210764       0.99999995393895080     
  0.99999931450382173       0.99999995618571336     
  0.99999934794116707       0.99999995832290012     
  0.99999937974775643       0.99999996035585514     
  0.99999941000311665       0.99999996228966159     
  0.99999943878290276       0.99999996412915504     
  0.99999946615908486       0.99999996587893547     
  0.99999949220011664       0.99999996754337828     
  0.99999951697110623       0.99999996912664479     
  0.99999954053400630       0.99999997063269497     
  0.99999956294772718       0.99999997206529401     
  0.99999958426832003       0.99999997342802438     
  0.99999960454909520       0.99999997472429369     
  0.99999962384076480       0.99999997595734313     
  0.99999964219156645       0.99999997713025590     
  0.99999965964738946       0.99999997824596509     
  0.99999967625188224       0.99999997930726048     
  0.99999969204656836       0.99999998031679616     
  0.99999970707093488       0.99999998127709600     
  0.99999972136255422       0.99999998219056141     
  0.99999973495716310       0.99999998305947668     
  0.99999974788875468       0.99999998388601430     
  0.99999976018966730       0.99999998467224149     
  0.99999977189065403       0.99999998542012369     
  0.99999978302098058       0.99999998613153152     
  0.99999979360846858       0.99999998680824309     
  0.99999980367960462       0.99999998745195151     
  0.99999981325956488       0.99999998806426571     
  0.99999982237230201       0.99999998864671691     
  0.99999983104060708       0.99999998920076172     
  0.99999983928615388       0.99999998972778548     
  0.99999984712956236       0.99999999022910602     
  0.99999985459043927       0.99999999070597667     
  0.99999986168744825       0.99999999115959026     
  0.99999986843833377       0.99999999159108099     
  0.99999987485996955       0.99999999200152723     
  0.99999988096842241       0.99999999239195614     
  0.99999988677896046       0.99999999276334339     
  0.99999989230611730       0.99999999311661802     
  0.99999989756371011       0.99999999345266322     
  0.99999990256488847       0.99999999377231930     
  0.99999990732215360       0.99999999407638551     
  0.99999991184740766       0.99999999436562237     
  0.99999991615196082       0.99999999464075284     
  0.99999992024657713       0.99999999490246494     
  0.99999992414149808       0.99999999515141336     
  0.99999992784646108       0.99999999538822038     
  0.99999993137073018       0.99999999561347808     
  0.99999993472312199       0.99999999582775012     
  0.99999993791201214       0.99999999603157175     
  0.99999994094538114       0.99999999622545299     
  0.99999994383080915       0.99999999640987847     
  0.99999994657551383       0.99999999658530947     
  0.99999994918635460       0.99999999675218443     
  0.99999995166986499       0.99999999691092090     
  0.99999995403225572       0.99999999706191589     
  0.99999995627942884       0.99999999720554655     
  0.99999995841700662       0.99999999734217238     
  0.99999996045033146       0.99999999747213464     
  0.99999996238449262       0.99999999759575886     
  0.99999996422432291       0.99999999771335368     
  0.99999996597442153       0.99999999782521332     
  0.99999996763917043       0.99999999793161765     
  0.99999996922272782       0.99999999803283257     
  0.99999997072905134       0.99999999812911100     
  0.99999997216191416       0.99999999822069408     
  0.99999997352489212       0.99999999830781050     
  0.99999997482140035       0.99999999839067832     
  0.99999997605467605       0.99999999846950460     
  0.99999997722780165       0.99999999854448629     
  0.99999997834371501       0.99999999861581113     
  0.99999997940520557       0.99999999868365752     
  0.99999998041492477       0.99999999874819490     
  0.99999998137539958       0.99999999880958479     
  0.99999998228903131       0.99999999886798063     
  0.99999998315810656       0.99999999892352864     
  0.99999998398479639       0.99999999897636738     
  0.99999998477116636       0.99999999902662917     
  0.99999998551918745       0.99999999907443982     
  0.99999998623072461       0.99999999911991866     
  0.99999998690755765       0.99999999916317928     
  0.99999998755138153       0.99999999920433003     
  0.99999998816381075       0.99999999924347427     
  0.99999998874636586       0.99999999928070904     
  0.99999998930051048       0.99999999931612782     
  0.99999998982762972       0.99999999934981931     
  0.99999999032904274       0.99999999938186779     
  0.99999999080599933       0.99999999941235307     
  0.99999999125969730       0.99999999944135176     
  0.99999999169126519       0.99999999946893592     
  0.99999999210178481       0.99999999949517482     
  0.99999999249228300       0.99999999952013408     
  0.99999999286373686       0.99999999954387597     
  0.99999999321707711       0.99999999956646024     
  0.99999999355318214       0.99999999958794283     
  0.99999999387289462       0.99999999960837771     
  0.99999999417701668       0.99999999962781605     
  0.99999999446630539       0.99999999964630626     
  0.99999999474148760       0.99999999966389486     
  0.99999999500324754       0.99999999968062558     
  0.99999999525224015       0.99999999969654030     
  0.99999999548908991       0.99999999971167886     
  0.99999999571438936       0.99999999972607923     
  0.99999999592869770       0.99999999973977693     
  0.99999999613255774       0.99999999975280696     
  0.99999999632647274       0.99999999976520126     
  0.99999999651093319       0.99999999977699128     
  0.99999999668639616       0.99999999978820620     
  0.99999999685330254       0.99999999979887422     
  0.99999999701206654       0.99999999980902188     
  0.99999999716308641       0.99999999981867449     
  0.99999999730674338       0.99999999982785659     
  0.99999999744339330       0.99999999983659071     
  0.99999999757338121       0.99999999984489907     
  0.99999999769702652       0.99999999985280208     
  0.99999999781464177       0.99999999986031962     
  0.99999999792651939       0.99999999986747046     
  0.99999999803294271       0.99999999987427268     
  0.99999999813417773       0.99999999988074328     
  0.99999999823047203       0.99999999988689814     
  0.99999999832207187       0.99999999989275290     
  0.99999999840920428       0.99999999989832211     
  0.99999999849208621       0.99999999990361965     
  0.99999999857092536       0.99999999990865873     
  0.99999999864592182       0.99999999991345223     
  0.99999999871725664       0.99999999991801169     
  0.99999999878511725       0.99999999992234911     
  0.99999999884966506       0.99999999992647481     
  0.99999999891106461       0.99999999993039934     
  0.99999999896947067       0.99999999993413247     
  0.99999999902502779       0.99999999993768351     
  0.99999999907787729       0.99999999994106148     
  0.99999999912814774       0.99999999994427458     
  0.99999999917596727       0.99999999994733102     
  0.99999999922145422       0.99999999995023847     
  0.99999999926472050       0.99999999995300393     
  0.99999999930587880       0.99999999995563460     
  0.99999999934503025       0.99999999995813704     
  0.99999999938227024       0.99999999996051725     
  0.99999999941769435       0.99999999996278144     
  0.99999999945139473       0.99999999996493549     
  0.99999999948344709       0.99999999996698408     
  0.99999999951393992       0.99999999996893307     
  0.99999999954294227       0.99999999997078681     
  0.99999999957053309       0.99999999997255040     
  0.99999999959677521       0.99999999997422773     
  0.99999999962173725       0.99999999997582323     
  0.99999999964548247       0.99999999997734090     
  0.99999999966806974       0.99999999997878464     
  0.99999999968955799       0.99999999998015809     
  0.99999999970999665       0.99999999998146449     
  0.99999999972943876       0.99999999998270728     
  0.99999999974793008       0.99999999998388911     
  0.99999999976552045       0.99999999998501343     
  0.99999999978225584       0.99999999998608313     
  0.99999999979817533       0.99999999998710054     
  0.99999999981331544       0.99999999998806821     
  0.99999999982771870       0.99999999998898881     
  0.99999999984142118       0.99999999998986455     
  0.99999999985445243       0.99999999999069744     
  0.99999999986685184       0.99999999999148992     
  0.99999999987864241       0.99999999999224354     
  0.99999999988986032       0.99999999999296063     
  0.99999999990052901       0.99999999999364253     
  0.99999999991067756       0.99999999999429123     
  0.99999999992033284       0.99999999999490830     
  0.99999999992951449       0.99999999999549516     
  0.99999999993825195       0.99999999999605371     
  0.99999999994656186       0.99999999999658484     
  0.99999999995446731       0.99999999999709011     
  0.99999999996198463       0.99999999999757050     
  0.99999999996913691       0.99999999999802769     
  0.99999999997594058       0.99999999999846256     
  0.99999999998241540       0.99999999999887634     
  0.99999999998857114       0.99999999999926970     
  0.99999999999442768       0.99999999999964406     
