   1.5175866435300693E-011   3.5602492699691204E-013
   3.1129816193072903E-011   7.3030364261700754E-013
   4.7901742458943535E-011   1.1237720386303144E-012
   6.5533583785932501E-011   1.5374139910047252E-012
   8.4069428962686374E-011   1.9722638201084793E-012
   1.0355562725841803E-010   2.4294088770499111E-012
   1.2404090432022508E-010   2.9099922626216698E-012
   1.4557648401259190E-010   3.4152156856482169E-012
   1.6821621650373529E-010   3.9463424678839018E-012
   1.9201671291907879E-010   4.5047007029754898E-012
   2.1703748689855766E-010   5.0916865773881445E-012
   2.4334110341172231E-010   5.7087678615989351E-012
   2.7099333520275575E-010   6.3574875802876729E-012
   3.0006332725659816E-010   7.0394678707024426E-012
   3.3062376969743040E-010   7.7564140388477833E-012
   3.6275107955185269E-010   8.5101188236380793E-012
   3.9652559183126034E-010   9.3024668796787753E-012
   4.3203176041122285E-010   1.0135439489884700E-011
   4.6935836921016928E-010   1.1011119519719513E-011
   5.0859875419543638E-010   1.1931696625444431E-011
   5.4985103677181020E-010   1.2899472729399580E-011
   5.9321836913615484E-010   1.3916867776009048E-011
   6.3880919221164097E-010   1.4986425782902603E-011
   6.8673750680654736E-010   1.6110821202285082E-011
   7.3712315867566941E-010   1.7292865608460173E-011
   7.9009213819714055E-010   1.8535514728230854E-011
   8.4577689541401121E-010   1.9841875831756194E-011
   9.0431667122835761E-010   2.1215215502345486E-011
   9.6585784557607384E-010   2.2658967804618260E-011
   1.0305543034529685E-009   2.4176742871454803E-011
   1.0985678197074207E-009   2.5772335931209052E-011
   1.1700684635617777E-009   2.7449736797756637E-011
   1.2452350238740089E-009   2.9213139847108044E-011
   1.3242554562029887E-009   3.1066954505533727E-011
   1.4073273527953125E-009   3.3015816275426860E-011
   1.4946584366688448E-009   3.5064598326474182E-011
   1.5864670810284821E-009   3.7218423681118950E-011
   1.6829828553129230E-009   3.9482678024785837E-011
   1.7844470992378594E-009   4.1863023172900198E-011
   1.8911135262709940E-009   4.4365411228376145E-011
   2.0032488580478785E-009   4.6996099464974639E-011
   2.1211334913149534E-009   4.9761665973747546E-011
   2.2450621990674845E-009   5.2669026111692212E-011
   2.3753448676356157E-009   5.5725449793746458E-011
   2.5123072715616277E-009   5.8938579671363236E-011
   2.6562918882060050E-009   6.2316450243120690E-011
   2.8076587541192521E-009   6.5867507945154213E-011
   2.9667863653208308E-009   6.9600632271646915E-011
   3.1340726237363837E-009   7.3525157978190892E-011
   3.3099358321598386E-009   7.7650898423539195E-011
   3.4948157402283008E-009   8.1988170108114919E-011
   3.6891746440252412E-009   8.6547818470636735E-011
   3.8934985420615301E-009   9.1341245007365558E-011
   4.1082983505249026E-009   9.6380435781784908E-011
   4.3341111808365835E-009   1.0167799139600365E-010
   4.5715016827096483E-009   1.0724715849882572E-010
   4.8210634560674535E-009   1.1310186290927285E-010
   5.0834205353526902E-009   1.1925674443838687E-010
   5.3592289499385731E-009   1.2572719349638397E-010
   5.6491783645440376E-009   1.3252938957669785E-010
   5.9539938037548040E-009   1.3968034171314199E-010
   6.2744374649625501E-009   1.4719793101135512E-010
   6.6113106242554537E-009   1.5510095536088052E-010
   6.9654556400258317E-009   1.6340917643968260E-010
   7.3377580593049488E-009   1.7214336912863673E-010
   7.7291488320919099E-009   1.8132537345955412E-010
   8.1406066392136519E-009   1.9097814922663894E-010
   8.5731603395368228E-009   2.0112583339793472E-010
   9.0278915426509478E-009   2.1179380047031874E-010
   9.5059373134558586E-009   2.2300872591896294E-010
   1.0008493015416280E-008   2.3479865289991872E-010
   1.0536815299593220E-008   2.4719306237261589E-010
   1.1092225246926269E-008   2.6022294681761963E-010
   1.1676111671624144E-008   2.7392088773397744E-010
   1.2289934593923720E-008   2.8832113710993987E-010
   1.2935228890901200E-008   3.0345970307077522E-010
   1.3613608134464389E-008   3.1937443991784073E-010
   1.4326768626123041E-008   3.3610514278405652E-010
   1.5076493638626301E-008   3.5369364714246913E-010
   1.5864657875073576E-008   3.7218393341672844E-010
   1.6693232156648864E-008   3.9162223695505820E-010
   1.7564288350700413E-008   4.1205716364271326E-010
   1.8480004551488414E-008   4.3353981144201390E-010
   1.9442670526555287E-008   4.5612389816387113E-010
   2.0454693442337362E-008   4.7986589579029832E-010
   2.1518603883334991E-008   5.0482517168378558E-010
   2.2637062179892013E-008   5.3106413703663307E-010
   2.3812865060407511E-008   5.5864840293144551E-010
   2.5048952644613705E-008   5.8764694440301834E-010
   2.6348415795406923E-008   6.1813227291185763E-010
   2.7714503847614932E-008   6.5018061766060615E-010
   2.9150632733026746E-008   6.8387211620676206E-010
   3.0660393522001511E-008   7.1929101484831966E-010
   3.2247561403015121E-008   7.5652587928340333E-010
   3.3916105122598015E-008   7.9566981607065100E-010
   3.5670196909268915E-008   8.3682070544411425E-010
   3.7514222906279579E-008   8.8008144606483534E-010
   3.9452794139257752E-008   9.2556021232110371E-010
   4.1490758046173281E-008   9.7337072482078154E-010
   4.3633210598458157E-008   1.0236325347520656E-009
   4.5885509043589656E-008   1.0764713228237378E-009
   4.8253285300999732E-008   1.1320192135324115E-009
   5.0742460044807460E-008   1.1904151055426029E-009
   5.3359257508588361E-008   1.2518050190057514E-009
   5.6110221049200820E-008   1.3163424606866691E-009
   5.9002229508586591E-008   1.3841888078104207E-009
   6.2042514414458984E-008   1.4555137115894563E-009
   6.5238678062889115E-008   1.5304955214400236E-009
   6.8598712528006106E-008   1.6093217309486178E-009
   7.2131019646345671E-008   1.6921894467036254E-009
   7.5844432025817782E-008   1.7793058811644755E-009
   7.9748235131827588E-008   1.8708888708007382E-009
   8.3852190505775446E-008   1.9671674207967793E-009
   8.8166560173995261E-008   2.0683822776840222E-009
   9.2702132308165814E-008   2.1747865313326940E-009
   9.7470248201359198E-008   2.2866462478083471E-009
   1.0248283062718115E-007   2.4042411346756337E-009
   1.0775241365291536E-007   2.5278652404129275E-009
   1.1329217398122042E-007   2.6578276896867074E-009
   1.1911596389874987E-007   2.7944534563242618E-009
   1.2523834591408406E-007   2.9380841759175513E-009
   1.3167462917158666E-007   3.0890790000901663E-009
   1.3844090773223954E-007   3.2478154945634839E-009
   1.4555410081717808E-007   3.4146905832676666E-009
   1.5303199511455615E-007   3.5901215408582655E-009
   1.6089328925553089E-007   3.7745470361202380E-009
   1.6915764057057963E-007   3.9684282288684367E-009
   1.7784571424306392E-007   4.1722499230873846E-009
   1.8697923498295145E-007   4.3865217791938008E-009
   1.9658104134990568E-007   4.6117795884531503E-009
   2.0667514286157939E-007   4.8485866127369228E-009
   2.1728678002991345E-007   5.0975349929707484E-009
   2.2844248747556204E-007   5.3592472297951892E-009
   2.4017016027826320E-007   5.6343777401416274E-009
   2.5249912372906589E-007   5.9236144936155216E-009
   2.6546020665882948E-007   6.2276807327788114E-009
   2.7908581852635540E-007   6.5473367816330994E-009
   2.9341003045891206E-007   6.8833819468257478E-009
   3.0846866044779547E-007   7.2366565163328957E-009
   3.2429936291195959E-007   7.6080438606171487E-009
   3.4094172285367097E-007   7.9984726415139268E-009
   3.5843735484162777E-007   8.4089191343698426E-009
   3.7683000706905038E-007   8.8404096692396627E-009
   3.9616567074694282E-007   9.2940231972461018E-009
   4.1649269510606883E-007   9.7708939885197253E-009
   4.3786190829520148E-007   1.0272214468465162E-008
   4.6032674447795929E-007   1.0799238199445820E-008
   4.8394337744603500E-007   1.1353283015342832E-008
   5.0877086108292005E-007   1.1935734316826298E-008
   5.3487127702935726E-007   1.2548048535578672E-008
   5.6230988991976193E-007   1.3191756776132711E-008
   5.9115531057778165E-007   1.3868468644430426E-008
   6.2147966757907136E-007   1.4579876272676473E-008
   6.5335878761027693E-007   1.5327758550550173E-008
   6.8687238507522122E-007   1.6113985573356443E-008
   7.2210426142240224E-007   1.6940523318238265E-008
   7.5914251469223060E-007   1.7809438560143743E-008
   7.9807975980797899E-007   1.8722904039840133E-008
   8.3901336016128958E-007   1.9683203896897684E-008
   8.8204567107131748E-007   2.0692739381228484E-008
   9.2728429572628903E-007   2.1754034857462148E-008
   9.7484235424746266E-007   2.2869744117172493E-008
   1.0248387665482848E-006   2.4042657014738964E-008
   1.0773985496960427E-006   2.5275706443435935E-008
   1.1326531305195696E-006   2.6571975669193827E-008
   1.1907406742446818E-006   2.7934706040370140E-008
   1.2518064299791088E-006   2.9367305092808939E-008
   1.3160030939108068E-006   3.0873355070455623E-008
   1.3834911911278368E-006   3.2456621882832959E-008
   1.4544394770145632E-006   3.4121064521776768E-008
   1.5290253592278583E-006   3.5870844960977911E-008
   1.6074353413084827E-006   3.7710338563084753E-008
   1.6898654890368895E-006   3.9644145020389086E-008
   1.7765219206995943E-006   4.1677099856453123E-008
   1.8676213224920147E-006   4.3814286517437422E-008
   1.9633914903465737E-006   4.6061049083364576E-008
   2.0640718995408912E-006   4.8423005631103213E-008
   2.1699143035103984E-006   5.0906062282486963E-008
   2.2811833633627056E-006   5.3516427972695819E-008
   2.3981573096678370E-006   5.6260629975828622E-008
   2.5211286381791460E-006   5.9145530226488737E-008
   2.6504048412245702E-006   6.2178342478195282E-008
   2.7863091765970919E-006   6.5366650341524948E-008
   2.9291814758669997E-006   6.8718426247089097E-008
   3.0793789941371807E-006   7.2242051380763550E-008
   3.2372773033662374E-006   7.5946336641019511E-008
   3.4032712314932146E-006   7.9840544670759773E-008
   3.5777758497122131E-006   8.3934413018751289E-008
   3.7612275103656054E-006   8.8238178488570003E-008
   3.9540849380510839E-006   9.2762602735942532E-008
   4.1568303766709016E-006   9.7518999178491929E-008
   4.3699707952914824E-006   1.0251926128517532E-007
   4.5940391558286949E-006   1.0777589231615236E-007
   4.8295957457286123E-006   1.1330203658744914E-007
   5.0772295789761756E-006   1.1911151233859577E-007
   5.3375598689349694E-006   1.2521884628542393E-007
   5.6112375767009635E-006   1.3163930994442410E-007
   5.8989470388418746E-006   1.3838895781949250E-007
   6.2014076785923612E-006   1.4548466754655449E-007
   6.5193758047838474E-006   1.5294418209644671E-007
   6.8536465030072503E-006   1.6078615414158759E-007
   7.2050556237374526E-006   1.6903019269737520E-007
   7.5744818723908265E-006   1.7769691215494149E-007
   7.9628490065420066E-006   1.8680798382786889E-007
   8.3711281457940689E-006   1.9638619014176414E-007
   8.8003402000778868E-006   2.0645548160219077E-007
   9.2515584224527169E-006   2.1704103668341007E-007
   9.7259110927911867E-006   2.2816932478768349E-007
   1.0224584339059294E-005   2.3986817243256758E-007
   1.0748825103245984E-005   2.5216683283170415E-007
   1.1299944259358594E-005   2.6509605904309387E-007
   1.1879319891280715E-005   2.7868818086776215E-007
   1.2488400738688645E-005   2.9297718569110374E-007
   1.3128709819643017E-005   3.0799880346905233E-007
   1.3801848238913754E-005   3.2379059607158371E-007
   1.4509499191561058E-005   3.4039205120695876E-007
   1.5253432171783297E-005   3.5784468116156499E-007
   1.6035507397555990E-005   3.7619212660225887E-007
   1.6857680462125487E-005   3.9548026570076725E-007
   1.7722007223988461E-005   4.1575732885301698E-007
   1.8630648947584339E-005   4.3707401928025059E-007
   1.9585877707554914E-005   4.5948363981349325E-007
   2.0590082070084328E-005   4.8304222617839831E-007
   2.1645773065525423E-005   5.0780868711375387E-007
   2.2755590467246700E-005   5.3384495167401766E-007
   2.3922309392400099E-005   5.6121612408421536E-007
   2.5148847241114441E-005   5.8999064653442000E-007
   2.6438270991465572E-005   6.2024047032088071E-007
   2.7793804868464235E-005   6.5204123576174852E-007
   2.9218838406237197E-005   6.8547246133727443E-007
   3.0716934923561029E-005   7.2061774252743706E-007
   3.2291840433940845E-005   7.5756496084419074E-007
   3.3947493012513266E-005   7.9640650358102796E-007
   3.5688032643194877E-005   8.3723949482934194E-007
   3.7517811570698157E-005   8.8016603833925226E-007
   3.9441405183299555E-005   9.2529347283217143E-007
   4.1463623453570893E-005   9.7273464040352639E-007
   4.3589522965680857E-005   1.0226081686867817E-006
   4.5824419559339765E-005   1.0750387674843241E-006
   4.8173901622002279E-005   1.1301575406069348E-006
   5.0643844062564203E-005   1.1881023137016151E-006
   5.3240423001492847E-005   1.2490179788875053E-006
   5.5970131214121987E-005   1.3130568570616639E-006
   5.8839794365725207E-005   1.3803790787806608E-006
   6.1856588078961815E-005   1.4511529846703913E-006
   6.5028055876369573E-005   1.5255555463653363E-006
   6.8362128042767070E-005   1.6037728090298418E-006
   7.1867141454728310E-005   1.6860003565679526E-006
   7.5551860426709437E-005   1.7724438006850591E-006
   7.9425498625950350E-005   1.8633192950242770E-006
   8.3497742110944518E-005   1.9588540756631586E-006
   8.7778773551081113E-005   2.0592870293222670E-006
   9.2279297688014866E-005   2.1648692907064255E-006
   9.7010568102424811E-005   2.2758648704723076E-006
   1.0198441535308587E-004   2.3925513153926170E-006
   1.0721327655860786E-004   2.5152204023676070E-006
   1.1271022649580397E-004   2.6441788680193323E-006
   1.1848901029244136E-004   2.7797491756929983E-006
   1.2456407779611324E-004   2.9222703217833155E-006
   1.3095061970516060E-004   3.0720986834020812E-006
   1.3766460555197848E-004   3.2296089095066189E-006
   1.4472282363367015E-004   3.3951948577173425E-006
   1.5214292298988309E-004   3.5692705791669900E-006
   1.5994345753277510E-004   3.7522713538441549E-006
   1.6814393243944130E-004   3.9446547790200163E-006
   1.7676485292278686E-004   4.1469019134799048E-006
   1.8582777550277520E-004   4.3595184804208725E-006
   1.9535536190623217E-004   4.5830361320231437E-006
   2.0537143572995663E-004   4.8180137788575295E-006
   2.1590104200879440E-004   5.0650389874530202E-006
   2.2697050983759370E-004   5.3247294495192028E-006
   2.3860751820359223E-004   5.5977345264973192E-006
   2.5084116519381129E-004   5.8847368733021578E-006
   2.6370204075046522E-004   6.1864541453149700E-006
   2.7722230315626467E-004   6.5036407928957835E-006
   2.9143575944081030E-004   6.8370899479023402E-006
   3.0637794990907505E-004   7.1876354069329190E-006
   3.2208623700327185E-004   7.5561537162521990E-006
   3.3859989872023568E-004   7.9435663636135633E-006
   3.5596022681782797E-004   8.3508420824585249E-006
   3.7421063005584158E-004   8.7789992742550050E-006
   3.9339674272946047E-004   9.2291085550315267E-006
   4.1356653876655619E-004   9.7022954324750362E-006
   4.3477045167399905E-004   1.0199743120286448E-005
   4.5706150063277859E-004   1.0722695496831301E-005
   4.8049542305708670E-004   1.1272460215483662E-005
   5.0513081394866607E-004   1.1850411974440793E-005
   5.3102927239469830E-004   1.2457995954184793E-005
   5.5825555557535277E-004   1.3096731431186673E-005
   5.8687774066587171E-004   1.3768215576888993E-005
   6.1696739503778423E-004   1.4474127451466535E-005
   6.4859975518456899E-004   1.5216232202351437E-005
   6.8185391481887219E-004   1.5996385478021320E-005
   7.1681302261129029E-004   1.6816538068087207E-005
   7.5356449006479590E-004   1.7678740781283797E-005
   7.9220021004419900E-004   1.8585149573559687E-005
   8.3281678650662817E-004   1.9538030939090382E-005
   8.7551577600698306E-004   2.0539767577694470E-005
   9.2040394158169779E-004   2.1592864352824442E-005
   9.6759351964504834E-004   2.2699954555030231E-005
   1.0172025005647128E-003   2.3863806486557395E-005
   1.0693549236174299E-003   2.5087330383544916E-005
   1.1241811870614680E-003   2.6373585693131581E-005
   1.1818183741003549E-003   2.7725788723667710E-005
   1.2424105955519233E-003   2.9147320687161522E-005
   1.3061093500784313E-003   3.0641736154070665E-005
   1.3730739028772723E-003   3.2212771941580037E-005
   1.4434716837778514E-003   3.3864356457591512E-005
   1.5174787057385627E-003   3.5600619523790170E-005
   1.5952800047886640E-003   3.7425902702349971E-005
   1.6770701025132834E-003   3.9344770152100921E-005
   1.7630534922359578E-003   4.1362020041303837E-005
   1.8534451501121551E-003   4.3482696545570620E-005
   1.9484710724092557E-003   4.5712102460931082E-005
   2.0483688403136776E-003   4.8055812463585456E-005
   2.1533882136743699E-003   5.0519687049499116E-005
   2.2637917551638805E-003   5.3109887188695429E-005
   2.3798554864139154E-003   5.5832889730890468E-005
   2.5018695777617918E-003   5.8695503600991366E-005
   2.6301390733277723E-003   6.1704886824955719E-005
   2.7649846532310550E-003   6.4868564428585457E-005
   2.9067434348444342E-003   6.8194447254011527E-005
   3.0557698150845717E-003   7.1690851740920415E-005
   3.2124363558366210E-003   7.5366520721985763E-005
   3.3771347147189042E-003   7.9230645284504648E-005
   3.5502766235056531E-003   8.3292887752904027E-005
   3.7322949166438001E-003   8.7563405849585277E-005
   3.9236446124236816E-003   9.2052878094521932E-005
   4.1248040494935474E-003   9.6772530507122635E-005
   4.3362760815442653E-003   1.0173416467712785E-004
   4.5585893331338626E-003   1.0695018727473219E-004
   4.7922995197718105E-003   1.1243364107372332E-004
   5.0379908355404884E-003   1.1819823756521093E-004
   5.2962774116965148E-003   1.2425839124349770E-004
   5.5678048498675600E-003   1.3062925564982409E-004
   5.8532518336415216E-003   1.3732676126411582E-004
   6.1533318225343633E-003   1.4436765533948278E-004
   6.4687948325210026E-003   1.5176954377907608E-004
   6.8004293075203497E-003   1.5955093516001792E-004
   7.1490640864410758E-003   1.6773128701448643E-004
   7.5155704706188122E-003   1.7633105448368249E-004
   7.9008643967081963E-003   1.8537174146633897E-004
   8.3059087203339911E-003   1.9487595438966987E-004
   8.7317156160539901E-003   2.0486745873721541E-004
   9.1793490994414220E-003   2.1537123847493127E-004
   9.6499276773551329E-003   2.2641355852411930E-004
   1.0144627132729730E-002   2.3802203043741318E-004
   1.0664683450483072E-002   2.5022568144204431E-004
   1.1211395891401056E-002   2.6305502702303186E-004
   1.1786130221115755E-002   2.7654214722779220E-004
   1.2390322101535990E-002   2.9072076688296979E-004
   1.3025480652312097E-002   3.0562633992407237E-004
   1.3693192190108724E-002   3.2129613804878019E-004
   1.4395124153607284E-002   3.3776934391560625E-004
   1.5133029222246965E-002   3.5508714912095514E-004
   1.5908749636716998E-002   3.7329285719957305E-004
   1.6724221729105322E-002   3.9243199190594328E-004
   1.7581480670353169E-002   4.1255241104738840E-004
   1.8482665442214299E-002   4.3370442615352006E-004
   1.9430024040211737E-002   4.5594092828127276E-004
   2.0425918913047115E-002   4.7931752027010011E-004
   2.1472832642449421E-002   5.0389265577803933E-004
   2.2573373865426349E-002   5.2972778544630892E-004
   2.3730283438142489E-002   5.5688751055792270E-004
   2.4946440836992045E-002   5.8543974457455370E-004
   2.6224870787600812E-002   6.1545588295556586E-004
   2.7568750106158151E-002   6.4701098168385731E-004
   2.8981414729230218E-002   6.8018394494491767E-004
   3.0466366897522065E-002   7.1505772242839722E-004
   3.2027282445283155E-002   7.5171951674554347E-004
   3.3668018129370196E-002   7.9026100148115765E-004
   3.5392618909370850E-002   8.3077855042531460E-004
   3.7205325061385373E-002   8.7337347855804333E-004
   3.9110578971500803E-002   9.1815229538955785E-004
   4.1113031408767826E-002   9.6522697128951845E-004
   4.3217547019302138E-002   1.0147152174712880E-003
   4.5429208710239026E-002   1.0667407803312853E-003
   4.7753320501464996E-002   1.1214337508794439E-003
   5.0195408310684995E-002   1.1789308900345072E-003
   5.2761217999447330E-002   1.2393759705975700E-003
   5.5456709840089727E-002   1.3029201367589826E-003
   5.8288048362284954E-002   1.3697222820375622E-003
   6.1261586299997929E-002   1.4399494465971686E-003
   6.4383841084308849E-002   1.5137772349341312E-003
   6.7661462017550869E-002   1.5913902549799734E-003
   7.1101185928602748E-002   1.6729825797174112E-003
   7.4709778766637105E-002   1.7587582324639136E-003
   7.8493960273862864E-002   1.8489316970362831E-003
   8.2460308638891741E-002   1.9437284540719313E-003
   8.6615141948307148E-002   2.0433855448479393E-003
   9.0964373431238824E-002   2.1481521640077357E-003
   9.5513338066930520E-002   2.2582902826775234E-003
  0.10026658925863305        2.3740753035305698E-003
  0.10522766613287592        2.4957967494373626E-003
  0.11039883473169836        2.6237589874236107E-003
  0.11578080996432408        2.7582819897463712E-003
  0.12137246954203837        2.8997021339913802E-003
  0.12717057585570052        3.0483730441922545E-003
  0.13316952619303898        3.2046664750747969E-003
  0.13936115488560569        3.3689732416374760E-003
  0.14573461184635667        3.5417041963925170E-003
  0.15227633956894379        3.7232912567112192E-003
  0.15897016455036986        3.9141884848423909E-003
  0.16579750959456532        4.1148732233045127E-003
  0.17273772177514196        4.3258472884907112E-003
  0.17976849890678678        4.5476382254711597E-003
  0.18686638735441230        4.7808006271305818E-003
  0.19400731768579102        5.0259175209393754E-003
  0.20116714297315341        5.2836018268260206E-003
  0.20832214734399071        5.5544978897962031E-003
  0.21544949864595656        5.8392830911309966E-003
  0.22252762730351416        6.1386695421929514E-003
  0.22953652204413130        6.4534058650754763E-003
  0.23645794091169275        6.7842790645480664E-003
  0.24327554209859667        7.1321164959782185E-003
  0.24997494332961537        7.4977879341508622E-003
  0.25654372090345690        7.8822077481584280E-003
  0.26297136034794738        8.2863371877999296E-003
  0.26924917036712187        8.7111867872062161E-003
  0.27537017074312398        9.1578188917017453E-003
  0.28132896343355285        9.6273503142213189E-003
  0.28712159452716424        1.0120955127924229E-002
  0.29274541316040176        1.0639867601988791E-002
  0.29819893206023468        1.1185385287928279E-002
  0.30348169312044126        1.1758872264145679E-002
  0.30859414035848143        1.2361762546840304E-002
  0.31353750173532080        1.2995563675795354E-002
  0.31831368063482296        1.3661860484012717E-002
  0.32292515727020871        1.4362319060621114E-002
  0.32737489988844465        1.5098690916966851E-002
  0.33166628535610676        1.5872817366304654E-002
  0.33580302851156624        1.6686634128040025E-002
  0.33978911954062063        1.7542176168036182E-002
  0.34362876856146840        1.8441582787088833E-002
  0.34732635657860750        1.9387102970292634E-002
  0.35088639197466215        2.0381101010675536E-002
  0.35431347174707012        2.1426062421163048E-002
  0.35761224675710618        2.2524600149655367E-002
  0.36078739033689744        2.3679461112758350E-002
  0.36384356969143244        2.4893533064506049E-002
  0.36678541963288686        2.6169851817250164E-002
  0.36961751828982858        2.7511608832772438E-002
  0.37234436454009939        2.8922159202601699E-002
  0.37497035701968140        3.0405030037490541E-002
  0.37749977465722534        3.1963929287029631E-002
  0.37993675877212185        3.3602755011453371E-002
  0.38228529685048873        3.5325605128821179E-002
  0.38454920817611948        3.7136787661947425E-002
  0.38673213154058583        3.9040831510702784E-002
  0.38883751528688315        4.1042497776623207E-002
  0.39086860995300304        4.3146791668144099E-002
  0.39282846377446423        4.5358975016228840E-002
  0.39471992127712430        4.7684579431687385E-002
  0.39654562514278918        5.0129420137084955E-002
  0.39830802146007532        5.2699610507827926E-002
  0.40000936838244361        5.5401577358787119E-002
  0.40165174810654886        5.8242077014683001E-002
  0.40323708196109698        6.1228212204417223E-002
  0.40476714826546845        6.4367449821595049E-002
  0.40624360248677749        6.7667639595649295E-002
  0.40766799910387147        7.1137033720253137E-002
  0.40904181448809623        7.4784307488103385E-002
  0.41036647004433202        7.8618580983671582E-002
  0.41164335483115155        8.2649441888166322E-002
  0.41287384690222312        8.6886969453730950E-002
  0.41405933268434625        9.1341759706824774E-002
  0.41520122382790609        9.6024951943809222E-002
  0.41630097112531927       0.10094825658499168     
  0.41736007528035890       0.10612398445677694     
  0.41838009451162744       0.11156507757514651     
  0.41936264917178473       0.11728514150744071     
  0.42030942374683294       0.12329847939336487     
  0.42122216675668173       0.12962012771028983     
  0.42210268920419963       0.13626589387227869     
  0.42295286231579882       0.14325239575685672     
  0.42377461538936029       0.15059710325836245     
  0.42456993462846571       0.15831838197178444     
  0.42534086391537246       0.16643553911631614     
  0.42608950858602301       0.17496887181346230     
  0.42681804345474772       0.18393971784041632     
  0.42752872664351893       0.19337050898561925     
  0.42822392127088976       0.20328482713991677     
  0.42890612785398774       0.21370746326357135     
  0.42957803153649576       0.22466447937657763     
  0.43024257024001689       0.23618327372728970     
  0.43090303298384064       0.24829264930231493     
  0.43156320267823312       0.26102288584898548     
  0.43222756598720674       0.27440581559050098     
  0.43290162676984295       0.28847490282306965     
  0.43359238362757258       0.30326532759408176     
  0.43430907495509058       0.31881407367055542     
  0.43506437423702504       0.33516002101782094     
  0.43587637227453979       0.35234404301968869     
  0.43677199172789244       0.37040910868320143     
  0.43779316255807432       0.38940039008353694     
  0.43900848659761676       0.40936537531772832     
  0.44053761213901094       0.43035398724964558     
  0.44259931345499798       0.45241870834316256     
  0.44567082642180850       0.47561471189565774     
  0.45054041820282148       0.50000000000000000     
  0.45758278358365456       0.52438528810434226     
  0.46701681367898051       0.54758129165683744     
  0.47922640624309648       0.56964601275035442     
  0.49443530203037434       0.59063462468227168     
  0.51263826718730798       0.61059960991646300     
  0.53359170174588322       0.62959089131679857     
  0.55686115475093767       0.64765595698031131     
  0.58190267549110186       0.66483997898217906     
  0.60814512666158438       0.68118592632944464     
  0.63505113157817539       0.69673467240591824     
  0.66215053495056897       0.71152509717693035     
  0.68905151377122220       0.72559418440949908     
  0.71543809813018255       0.73897711415101452     
  0.74106158428738289       0.75170735069768513     
  0.76573049672513294       0.76381672627271024     
  0.78930130354525974       0.77533552062342237     
  0.81167056572453933       0.78629253673642863     
  0.83276847411108401       0.79671517286008320     
  0.85255349125948687       0.80662949101438075     
  0.87100781157749574       0.81606028215958371     
  0.88813342740542500       0.82503112818653768     
  0.90394866688193021       0.83356446088368386     
  0.91848512674186589       0.84168161802821562     
  0.93178495747480672       0.84940289674163760     
  0.94389847537588534       0.85674760424314322     
  0.95488208262881502       0.86373410612772128     
  0.96479647777937094       0.87037987228971014     
  0.97370513799856828       0.87670152060663509     
  0.98167305312674613       0.88271485849255926     
  0.98876569037528850       0.88843492242485345     
  0.99504816786744754       0.89387601554322305     
   1.0005846146460446       0.89905174341500826     
   1.0054376937844740       0.90397504805619078     
   1.0096682630004337       0.90865824029317521     
   1.0133351428219590       0.91311303054626902     
   1.0164949554082672       0.91735055811183364     
   1.0192019883485770       0.92138141901632842     
   1.0215080303411328       0.92521569251189661     
   1.0234621259105698       0.92886296627974685     
   1.0251102123094495       0.93233236040435075     
   1.0264946383217779       0.93563255017840496     
   1.0276536163454884       0.93877178779558279     
   1.0286207067488855       0.94175792298531702     
   1.0294244519447493       0.94459842264121285     
   1.0300882527230537       0.94730038949217221     
   1.0306305203535604       0.94987057986291512     
   1.0310650726502422       0.95231542056831264     
   1.0314016981789369       0.95464102498377112     
   1.0316468083884069       0.95685320833185594     
   1.0318040925330423       0.95895750222337683     
   1.0318756885100357       0.96095916848929708     
   1.0318602469045768       0.96286321233805272     
   1.0317507913178141       0.96467439487117879     
   1.0315408514343063       0.96639724498854673     
   1.0312308831756014       0.96803607071297026     
   1.0308271278479584       0.96959496996250949     
   1.0303389748618981       0.97107784079739823     
   1.0297772431868577       0.97248839116722752     
   1.0291530707891532       0.97383014818274971     
   1.0284772584216593       0.97510646693549385     
   1.0277599075361847       0.97632053888724157     
   1.0270102398163874       0.97747539985034460     
   1.0262365271968452       0.97857393757883682     
   1.0254460887629371       0.97961889898932453     
   1.0246453276343763       0.98061289702970722     
   1.0238397908539472       0.98155841721291104     
   1.0230342412764026       0.98245782383196367     
   1.0222327341926094       0.98331336587195994     
   1.0214386938912614       0.98412718263369536     
   1.0206549870706492       0.98490130908303319     
   1.0198839912367761       0.98563768093937898     
   1.0191276571057961       0.98633813951598737     
   1.0183875646524783       0.98700443632420465     
   1.0176649728695499       0.98763823745315982     
   1.0169608635708740       0.98824112773585449     
   1.0162759797231227       0.98881461471207166     
   1.0156108588588399       0.98936013239801113     
   1.0149658969535023       0.98987904487207579     
   1.0143413363062832       0.99037264968577876     
   1.0137372394145412       0.99084218110829825     
   1.0131535495930837       0.99128881321279372     
   1.0125901263717905       0.99171366281220019     
   1.0120467569837019       0.99211779225184160     
   1.0115231667996074       0.99250221206584910     
   1.0110190287586966       0.99286788350402166     
   1.0105339718524540       0.99321572093545185     
   1.0100675887237449       0.99354659413492452     
   1.0096194424453957       0.99386133045780700     
   1.0091890725429580       0.99416071690886887     
   1.0087760003252320       0.99444550211020388     
   1.0083797335839171       0.99471639817317414     
   1.0079997707207735       0.99497408247906072     
   1.0076356043572332       0.99521919937286940     
   1.0072867244776649       0.99545236177452889     
   1.0069526211536748       0.99567415271150927     
   1.0066327868930127       0.99588512677669550     
   1.0063267186529588       0.99608581151515752     
   1.0060339195545076       0.99627670874328877     
   1.0057539003303448       0.99645829580360745     
   1.0054861805364688       0.99663102675836246     
   1.0052302895544278       0.99679533352492511     
   1.0049857674084737       0.99695162695580763     
   1.0047521654194795       0.99710029786600873     
   1.0045290467152546       0.99724171801025352     
   1.0043159866148395       0.99737624101257638     
   1.0041125729025449       0.99750420325056266     
   1.0039184060058086       0.99762592469646938     
   1.0037330990894562       0.99774170971732234     
   1.0035562780775815       0.99785184783599223     
   1.0033875816130442       0.99795661445515194     
   1.0032266609634728       0.99805627154592791     
   1.0030731798816799       0.99815106830296363     
   1.0029268144274981       0.99824124176753604     
   1.0027872527572499       0.99832701742028274     
   1.0026541948863494       0.99840860974501988     
   1.0025273524298828       0.99848622276506593     
   1.0024064483254593       0.99856005055340291     
   1.0022912165420803       0.99863027771796242     
   1.0021814017783421       0.99869707986324097     
   1.0020767591528579       0.99876062402940258     
   1.0019770538894264       0.99882106910996549     
   1.0018820609991372       0.99887856624912053     
   1.0017915649613260       0.99893325921966869     
   1.0017053594050178       0.99898528478252879     
   1.0016232467922688       0.99903477302871035     
   1.0015450381046154       0.99908184770461039     
   1.0014705525336578       0.99912662652144191     
   1.0013996171766297       0.99916922144957465     
   1.0013320667376850       0.99920973899851873     
   1.0012677432354815       0.99924828048325443     
   1.0012064957175482       0.99928494227757148     
   1.0011481799818138       0.99931981605505504     
   1.0010926583055986       0.99935298901831604     
   1.0010397991822753       0.99938454411704447     
   1.0009894770657690       0.99941456025542541     
   1.0009415721229742       0.99944311248944206     
   1.0008959699941491       0.99947027221455365     
   1.0008525615612793       0.99949610734422201     
   1.0008112427243798       0.99952068247972981     
   1.0007719141856644       0.99954405907171873     
   1.0007344812414942       0.99956629557384657     
   1.0006988535819832       0.99958744758895257     
   1.0006649450981213       0.99960756800809403     
   1.0006326736962721       0.99962670714280044     
   1.0006019611198707       0.99964491285087897     
   1.0005727327781480       0.99966223065608451     
   1.0005449175817027       0.99967870386195135     
   1.0005184477847229       0.99969437366007596     
   1.0004932588336679       0.99970927923311703     
   1.0004692892222133       0.99972345785277206     
   1.0004464803522564       0.99973694497297694     
   1.0004247764007854       0.99974977431855794     
   1.0004041241924144       0.99976197796956257     
   1.0003844730773845       0.99977358644147585     
   1.0003657748148351       0.99978462876152507     
   1.0003479834611568       0.99979513254126262     
   1.0003310552632323       0.99980512404561028     
   1.0003149485563838       0.99981462825853373     
   1.0002996236668411       0.99982366894551644     
   1.0002850428185550       0.99983226871298536     
   1.0002711700441813       0.99984044906484004     
   1.0002579711000774       0.99984823045622095     
   1.0002454133851280       0.99985563234466057     
   1.0002334658632637       0.99986267323873590     
   1.0002220989895034       0.99986937074435012     
   1.0002112846393811       0.99987574160875647     
   1.0002009960416089       0.99988180176243480     
   1.0001912077138382       0.99988756635892617     
   1.0001818954013877       0.99989304981272520     
   1.0001730360188099       0.99989826583532271     
   1.0001646075941673       0.99990322746949289     
   1.0001565892159046       0.99990794712190545     
   1.0001489609821990       0.99991243659415030     
   1.0001417039526794       0.99991670711224712     
   1.0001348001024102       0.99992076935471552     
   1.0001282322780323       0.99992463347927807     
   1.0001219841559721       0.99992830914825914     
   1.0001160402026181       0.99993180555274597     
   1.0001103856363791       0.99993513143557144     
   1.0001050063915371       0.99993829511317511     
   1.0000998890838135       0.99994130449639906     
   1.0000950209775676       0.99994416711026912     
   1.0000903899545541       0.99994689011281146     
   1.0000859844841683       0.99994948031295061     
   1.0000817935951059       0.99995194418753652     
   1.0000778068483780       0.99995428789753893     
   1.0000740143116102       0.99995651730345436     
   1.0000704065345760       0.99995863797995865     
   1.0000669745258945       0.99996065522984789     
   1.0000637097308485       0.99996257409729761     
   1.0000606040102622       0.99996439938047621     
   1.0000576496203986       0.99996613564354242     
   1.0000548391938131       0.99996778722805857     
   1.0000521657211370       0.99996935826384603     
   1.0000496225337270       0.99997085267931285     
   1.0000472032871586       0.99997227421127632     
   1.0000449019455075       0.99997362641430676     
   1.0000427127663940       0.99997491266961658     
   1.0000406302867459       0.99997613619351333     
   1.0000386493092448       0.99997730004544483     
   1.0000367648894326       0.99997840713564734     
   1.0000349723234396       0.99997946023242235     
   1.0000332671362993       0.99998046196906076     
   1.0000316450708362       0.99998141485042646     
   1.0000301020770872       0.99998232125921860     
   1.0000286343022338       0.99998318346193193     
   1.0000272380810238       0.99998400361452200     
   1.0000259099266542       0.99998478376779776     
   1.0000246465221005       0.99998552587254852     
   1.0000234447118588       0.99998623178442314     
   1.0000223014940952       0.99998690326856887     
   1.0000212140131717       0.99998754200404594     
   1.0000201795525354       0.99998814958802562     
   1.0000191955279543       0.99998872753978441     
   1.0000182594810767       0.99998927730450304     
   1.0000173690733110       0.99998980025687967     
   1.0000165220799946       0.99999029770456749     
   1.0000157163848502       0.99999077089144495     
   1.0000149499747111       0.99999122100072579     
   1.0000142209345013       0.99999164915791749     
   1.0000135274424611       0.99999205643363642     
   1.0000128677656039       0.99999244384628361     
   1.0000122402553921       0.99999281236459303     
   1.0000116433436281       0.99999316291005214     
   1.0000110755385396       0.99999349635920709     
   1.0000105354210587       0.99999381354585470     
   1.0000100216412797       0.99999411526312654     
   1.0000095329150915       0.99999440226547365     
   1.0000090680209728       0.99999467527055053     
   1.0000086257969423       0.99999493496101255     
   1.0000082051376578       0.99999518198622117     
   1.0000078049916590       0.99999541696386796     
   1.0000074243587398       0.99999564048151945     
   1.0000070622874515       0.99999585309808636     
   1.0000067178727290       0.99999605534522096     
   1.0000063902536278       0.99999624772864615     
   1.0000060786111764       0.99999643072942079     
   1.0000057821663291       0.99999660480514230     
   1.0000055001780210       0.99999677039109047     
   1.0000052319413175       0.99999692790131656     
   1.0000049767856520       0.99999707772967816     
   1.0000047340731515       0.99999722025082427     
   1.0000045031970435       0.99999735582113214     
   1.0000042835801408       0.99999748477959749     
   1.0000040746733962       0.99999760744868460     
   1.0000038759545349       0.99999772413512955     
   1.0000036869267472       0.99999783513070928     
   1.0000035071174471       0.99999794071297055     
   1.0000033360770917       0.99999804114592428     
   1.0000031733780581       0.99999813668070503     
   1.0000030186135744       0.99999822755619938     
   1.0000028713967042       0.99999831399964356     
   1.0000027313593784       0.99999839622719089     
   1.0000025981514755       0.99999847444445356     
   1.0000024714399471       0.99999854884701533     
   1.0000023509079856       0.99999861962092118     
   1.0000022362542307       0.99999868694314298     
   1.0000021271920194       0.99999875098202107     
   1.0000020234486666       0.99999881189768614     
   1.0000019247647836       0.99999886984245945     
   1.0000018308936327       0.99999892496123244     
   1.0000017416005067       0.99999897739183130     
   1.0000016566621450       0.99999902726535972     
   1.0000015758661744       0.99999907470652705     
   1.0000014990105770       0.99999911983396150     
   1.0000014259031875       0.99999916276050516     
   1.0000013563612120       0.99999920359349648     
   1.0000012902107700       0.99999924243503924     
   1.0000012272864613       0.99999927938225741     
   1.0000011674309506       0.99999931452753865     
   1.0000011104945772       0.99999934795876422     
   1.0000010563349773       0.99999937975952968     
   1.0000010048167309       0.99999941000935333     
   1.0000009558110212       0.99999943878387587     
   1.0000009091953141       0.99999946615504820     
   1.0000008648530512       0.99999949219131279     
   1.0000008226733583       0.99999951695777378     
   1.0000007825507682       0.99999954051636009     
   1.0000007443849568       0.99999956292598069     
   1.0000007080804938       0.99999958424267099     
   1.0000006735466014       0.99999960451973446     
   1.0000006406969302       0.99999962380787333     
   1.0000006094493408       0.99999964215531889     
   1.0000005797257006       0.99999965960794879     
   1.0000005514516865       0.99999967620940400     
   1.0000005245566010       0.99999969200119654     
   1.0000004989731943       0.99999970702281427     
   1.0000004746374953       0.99999972131181902     
   1.0000004514886538       0.99999973490394112     
   1.0000004294687870       0.99999974783316725     
   1.0000004085228351       0.99999976013182745     
   1.0000003885984230       0.99999977183067523     
   1.0000003696457307       0.99999978295896319     
   1.0000003516173666       0.99999979354451840     
   1.0000003344682522       0.99999980361380980     
   1.0000003181555057       0.99999981319201614     
   1.0000003026383377       0.99999982230308782     
   1.0000002878779477       0.99999983096980727     
   1.0000002738374274       0.99999983921384583     
   1.0000002604816682       0.99999984705581790     
   1.0000002477772749       0.99999985451533235     
   1.0000002356924798       0.99999986161104215     
   1.0000002241970645       0.99999986836069021     
   1.0000002132622861       0.99999987478115371     
   1.0000002028608013       0.99999988088848768     
   1.0000001929666016       0.99999988669796325     
   1.0000001835549459       0.99999989222410768     
   1.0000001746023013       0.99999989748073870     
   1.0000001660862810       0.99999990248100068     
   1.0000001579855904       0.99999990723739740     
   1.0000001502799751       0.99999991176182135     
   1.0000001429501657       0.99999991606558714     
   1.0000001359778345       0.99999992015945549     
   1.0000001293455480       0.99999992405366323     
   1.0000001230367206       0.99999992775794866     
   1.0000001170355781       0.99999993128157372     
   1.0000001113271137       0.99999993463334969     
   1.0000001058970542       0.99999993782165741     
   1.0000001007318211       0.99999994085446964     
   1.0000000958184989       0.99999994373937007     
   1.0000000911448028       0.99999994648357204     
   1.0000000866990453       0.99999994909393775     
   1.0000000824701099       0.99999995157699439     
   1.0000000784474221       0.99999995393895080     
   1.0000000746209223       0.99999995618571336     
   1.0000000709810428       0.99999995832290012     
   1.0000000675186822       0.99999996035585514     
   1.0000000642251827       0.99999996228966159     
   1.0000000610923092       0.99999996412915504     
   1.0000000581122270       0.99999996587893547     
   1.0000000552774853       0.99999996754337828     
   1.0000000525809960       0.99999996912664479     
   1.0000000500160151       0.99999997063269497     
   1.0000000475761304       0.99999997206529401     
   1.0000000452552402       0.99999997342802438     
   1.0000000430475411       0.99999997472429369     
   1.0000000409475127       0.99999997595734313     
   1.0000000389499044       0.99999997713025590     
   1.0000000370497204       0.99999997824596509     
   1.0000000352422096       0.99999997930726048     
   1.0000000335228516       0.99999998031679616     
   1.0000000318873479       0.99999998127709600     
   1.0000000303316083       0.99999998219056141     
   1.0000000288517430       0.99999998305947668     
   1.0000000274440515       0.99999998388601430     
   1.0000000261050133       0.99999998467224149     
   1.0000000248312810       0.99999998542012369     
   1.0000000236196691       0.99999998613153152     
   1.0000000224671490       0.99999998680824309     
   1.0000000213708378       0.99999998745195151     
   1.0000000203279946       0.99999998806426571     
   1.0000000193360115       0.99999998864671691     
   1.0000000183924076       0.99999998920076172     
   1.0000000174948240       0.99999998972778548     
   1.0000000166410161       0.99999999022910602     
   1.0000000158288491       0.99999999070597667     
   1.0000000150562918       0.99999999115959026     
   1.0000000143214123       0.99999999159108099     
   1.0000000136223741       0.99999999200152723     
   1.0000000129574280       0.99999999239195614     
   1.0000000123249120       0.99999999276334339     
   1.0000000117232439       0.99999999311661802     
   1.0000000111509193       0.99999999345266322     
   1.0000000106065072       0.99999999377231930     
   1.0000000100886470       0.99999999407638551     
   1.0000000095960431       0.99999999436562237     
   1.0000000091274635       0.99999999464075284     
   1.0000000086817369       0.99999999490246494     
   1.0000000082577489       0.99999999515141336     
   1.0000000078544393       0.99999999538822038     
   1.0000000074707993       0.99999999561347808     
   1.0000000071058692       0.99999999582775012     
   1.0000000067587376       0.99999999603157175     
   1.0000000064285348       0.99999999622545299     
   1.0000000061144363       0.99999999640987847     
   1.0000000058156564       0.99999999658530947     
   1.0000000055314489       0.99999999675218443     
   1.0000000052611022       0.99999999691092090     
   1.0000000050039399       0.99999999706191589     
   1.0000000047593200       0.99999999720554655     
   1.0000000045266304       0.99999999734217238     
   1.0000000043052890       0.99999999747213464     
   1.0000000040947423       0.99999999759575886     
   1.0000000038944641       0.99999999771335368     
   1.0000000037039540       0.99999999782521332     
   1.0000000035227348       0.99999999793161765     
   1.0000000033503538       0.99999999803283257     
   1.0000000031863803       0.99999999812911100     
   1.0000000030304033       0.99999999822069408     
   1.0000000028820333       0.99999999830781050     
   1.0000000027408993       0.99999999839067832     
   1.0000000026066485       0.99999999846950460     
   1.0000000024789459       0.99999999854448629     
   1.0000000023574711       0.99999999861581113     
   1.0000000022419206       0.99999999868365752     
   1.0000000021320057       0.99999999874819490     
   1.0000000020274515       0.99999999880958479     
   1.0000000019279967       0.99999999886798063     
   1.0000000018333917       0.99999999892352864     
   1.0000000017434008       0.99999999897636738     
   1.0000000016577988       0.99999999902662917     
   1.0000000015763710       0.99999999907443982     
   1.0000000014989143       0.99999999911991866     
   1.0000000014252355       0.99999999916317928     
   1.0000000013551500       0.99999999920433003     
   1.0000000012884820       0.99999999924347427     
   1.0000000012250660       0.99999999928070904     
   1.0000000011647427       0.99999999931612782     
   1.0000000011073615       0.99999999934981931     
   1.0000000010527785       0.99999999938186779     
   1.0000000010008576       0.99999999941235307     
   1.0000000009514687       0.99999999944135176     
   1.0000000009044887       0.99999999946893592     
   1.0000000008597998       0.99999999949517482     
   1.0000000008172902       0.99999999952013408     
   1.0000000007768541       0.99999999954387597     
   1.0000000007383898       0.99999999956646024     
   1.0000000007018015       0.99999999958794283     
   1.0000000006669976       0.99999999960837771     
   1.0000000006338909       0.99999999962781605     
   1.0000000006023990       0.99999999964630626     
   1.0000000005724428       0.99999999966389486     
   1.0000000005439478       0.99999999968062558     
   1.0000000005168430       0.99999999969654030     
   1.0000000004910596       0.99999999971167886     
   1.0000000004665335       0.99999999972607923     
   1.0000000004432041       0.99999999973977693     
   1.0000000004210119       0.99999999975280696     
   1.0000000003999026       0.99999999976520126     
   1.0000000003798222       0.99999999977699128     
   1.0000000003607215       0.99999999978820620     
   1.0000000003425522       0.99999999979887422     
   1.0000000003252691       0.99999999980902188     
   1.0000000003088290       0.99999999981867449     
   1.0000000002931899       0.99999999982785659     
   1.0000000002783138       0.99999999983659071     
   1.0000000002641627       0.99999999984489907     
   1.0000000002507021       0.99999999985280208     
   1.0000000002378979       0.99999999986031962     
   1.0000000002257183       0.99999999986747046     
   1.0000000002141325       0.99999999987427268     
   1.0000000002031111       0.99999999988074328     
   1.0000000001926279       0.99999999988689814     
   1.0000000001826559       0.99999999989275290     
   1.0000000001731704       0.99999999989832211     
   1.0000000001641476       0.99999999990361965     
   1.0000000001555651       0.99999999990865873     
   1.0000000001474008       0.99999999991345223     
   1.0000000001396347       0.99999999991801169     
   1.0000000001322469       0.99999999992234911     
   1.0000000001252194       0.99999999992647481     
   1.0000000001185350       0.99999999993039934     
   1.0000000001121765       0.99999999993413247     
   1.0000000001061280       0.99999999993768351     
   1.0000000001003744       0.99999999994106148     
   1.0000000000949016       0.99999999994427458     
   1.0000000000896956       0.99999999994733102     
   1.0000000000847433       0.99999999995023847     
   1.0000000000800329       0.99999999995300393     
   1.0000000000755520       0.99999999995563460     
   1.0000000000712901       0.99999999995813704     
   1.0000000000672360       0.99999999996051725     
   1.0000000000633797       0.99999999996278144     
   1.0000000000597111       0.99999999996493549     
   1.0000000000562219       0.99999999996698408     
   1.0000000000529026       0.99999999996893307     
   1.0000000000497451       0.99999999997078681     
   1.0000000000467411       0.99999999997255040     
   1.0000000000438842       0.99999999997422773     
   1.0000000000411664       0.99999999997582323     
   1.0000000000385814       0.99999999997734090     
   1.0000000000361222       0.99999999997878464     
   1.0000000000337825       0.99999999998015809     
   1.0000000000315572       0.99999999998146449     
   1.0000000000294407       0.99999999998270728     
   1.0000000000274276       0.99999999998388911     
   1.0000000000255129       0.99999999998501343     
   1.0000000000236917       0.99999999998608313     
   1.0000000000219595       0.99999999998710054     
   1.0000000000203124       0.99999999998806821     
   1.0000000000187452       0.99999999998898881     
   1.0000000000172546       0.99999999998986455     
   1.0000000000158369       0.99999999999069744     
   1.0000000000144877       0.99999999999148992     
   1.0000000000132045       0.99999999999224354     
   1.0000000000119835       0.99999999999296063     
   1.0000000000108222       0.99999999999364253     
   1.0000000000097173       0.99999999999429123     
   1.0000000000086666       0.99999999999490830     
   1.0000000000076670       0.99999999999549516     
   1.0000000000067157       0.99999999999605371     
   1.0000000000058114       0.99999999999658484     
   1.0000000000049512       0.99999999999709011     
   1.0000000000041331       0.99999999999757050     
   1.0000000000033551       0.99999999999802769     
   1.0000000000026152       0.99999999999846256     
   1.0000000000019111       0.99999999999887634     
   1.0000000000012419       0.99999999999926970     
   1.0000000000006053       0.99999999999964406     
