   1.6633025233542662E-011   3.5602492699691204E-013
   3.4118843919877178E-011   7.3030364261700754E-013
   5.2501179714981138E-011   1.1237720386303144E-012
   7.1825998034642301E-011   1.5374139910047252E-012
   9.2141620991947361E-011   1.9722638201084793E-012
   1.1349884822773799E-010   2.4294088770499111E-012
   1.3595108393617664E-010   2.9099922626216698E-012
   1.5955447040305385E-010   3.4152156856482169E-012
   1.8436802839074906E-010   3.9463424678839018E-012
   2.1045380472088421E-010   4.5047007029754898E-012
   2.3787702742370076E-010   5.0916865773881445E-012
   2.6670626884211608E-010   5.7087678615989351E-012
   2.9701361709830354E-010   6.3574875802876729E-012
   3.2887485635155221E-010   7.0394678707024426E-012
   3.6236965629814517E-010   7.7564140388477833E-012
   3.9758177138710389E-010   8.5101188236380793E-012
   4.3459925024994291E-010   9.3024668796787753E-012
   4.7351465586811748E-010   1.0135439489884700E-011
   5.1442529702869797E-010   1.1011119519719513E-011
   5.5743347164703133E-010   1.1931696625444431E-011
   6.0264672256482037E-010   1.2899472729399580E-011
   6.5017810646325351E-010   1.3916867776009048E-011
   7.0014647656360433E-010   1.4986425782902603E-011
   7.5267677982220162E-010   1.6110821202285082E-011
   8.0790036936291114E-010   1.7292865608460173E-011
   8.6595533292837432E-010   1.8535514728230854E-011
   9.2698683817130033E-010   1.9841875831756194E-011
   9.9114749564922505E-010   2.1215215502345486E-011
   1.0585977404304051E-009   2.2658967804618260E-011
   1.1295062332650704E-009   2.4176742871454803E-011
   1.2040502823251594E-009   2.5772335931209052E-011
   1.2824162865671221E-009   2.7449736797756637E-011
   1.3648002018264131E-009   2.9213139847108044E-011
   1.4514080308091631E-009   3.1066954505533727E-011
   1.5424563382062635E-009   3.3015816275426860E-011
   1.6381727922179102E-009   3.5064598326474182E-011
   1.7387967338427113E-009   3.7218423681118950E-011
   1.8445797753548663E-009   3.9482678024785837E-011
   1.9557864294659283E-009   4.1863023172900198E-011
   2.0726947707443821E-009   4.4365411228376145E-011
   2.1955971309469274E-009   4.6996099464974639E-011
   2.3248008300001616E-009   4.9761665973747546E-011
   2.4606289444604931E-009   5.2669026111692212E-011
   2.6034211153738424E-009   5.5725449793746458E-011
   2.7535343975551873E-009   5.8938579671363236E-011
   2.9113441524116121E-009   6.2316450243120690E-011
   3.0772449865413681E-009   6.5867507945154213E-011
   3.2516517384559395E-009   6.9600632271646915E-011
   3.4350005158924313E-009   7.3525157978190892E-011
   3.6277497863101025E-009   7.7650898423539195E-011
   3.8303815232978515E-009   8.1988170108114919E-011
   4.0434024117592718E-009   8.6547818470636735E-011
   4.2673451148888691E-009   9.1341245007365558E-011
   4.5027696061075385E-009   9.6380435781784908E-011
   4.7502645692878322E-009   1.0167799139600365E-010
   5.0104488707703164E-009   1.0724715849882572E-010
   5.2839731068518092E-009   1.1310186290927285E-010
   5.5715212306150676E-009   1.1925674443838687E-010
   5.8738122621677837E-009   1.2572719349638397E-010
   6.1916020865674403E-009   1.3252938957669785E-010
   6.5256853439277099E-009   1.3968034171314199E-010
   6.8768974164327226E-009   1.4719793101135512E-010
   7.2461165172277046E-009   1.5510095536088052E-010
   7.6342658864093525E-009   1.6340917643968260E-010
   8.0423160996070296E-009   1.7214336912863673E-010
   8.4712874949274481E-009   1.8132537345955412E-010
   8.9222527243314994E-009   1.9097814922663894E-010
   9.3963394358229284E-009   2.0112583339793472E-010
   9.8947330931557914E-009   2.1179380047031874E-010
   1.0418679940111408E-008   2.2300872591896294E-010
   1.0969490116757031E-008   2.3479865289991872E-010
   1.1548540935478525E-008   2.4719306237261589E-010
   1.2157280324978844E-008   2.6022294681761963E-010
   1.2797230450854063E-008   2.7392088773397744E-010
   1.3469991521800343E-008   2.8832113710993987E-010
   1.4177245790969285E-008   3.0345970307077522E-010
   1.4920761762477157E-008   3.1937443991784073E-010
   1.5702398613586486E-008   3.3610514278405652E-010
   1.6524110843617719E-008   3.5369364714246913E-010
   1.7387953161215733E-008   3.7218393341672844E-010
   1.8296085622191781E-008   3.9162223695505820E-010
   1.9250779030788331E-008   4.1205716364271326E-010
   2.0254420617872593E-008   4.3353981144201390E-010
   2.1309520010257290E-008   4.5612389816387113E-010
   2.2418715506075060E-008   4.7986589579029832E-010
   2.3584780671898160E-008   5.0482517168378558E-010
   2.4810631278099767E-008   5.3106413703663307E-010
   2.6099332589798816E-008   5.5864840293144551E-010
   2.7454107031619607E-008   5.8764694440301834E-010
   2.8878342245432067E-008   6.1813227291185763E-010
   3.0375599561221123E-008   6.5018061766060615E-010
   3.1949622902266910E-008   6.8387211620676206E-010
   3.3604348146903279E-008   7.1929101484831966E-010
   3.5343912970263920E-008   7.5652587928340333E-010
   3.7172667190625699E-008   7.9566981607065100E-010
   3.9095183646220225E-008   8.3682070544411425E-010
   4.1116269629711595E-008   8.8008144606483534E-010
   4.3240978908932245E-008   9.2556021232110371E-010
   4.5474624363935231E-008   9.7337072482078154E-010
   4.7822791271961938E-008   1.0236325347520656E-009
   5.0291351273544631E-008   1.0764713228237378E-009
   5.2886477054666459E-008   1.1320192135324115E-009
   5.5614657781691911E-008   1.1904151055426029E-009
   5.8482715327662976E-008   1.2518050190057514E-009
   6.1497821330535508E-008   1.3163424606866691E-009
   6.4667515126009764E-008   1.3841888078104207E-009
   6.7999722599796998E-008   1.4555137115894563E-009
   7.1502776006462514E-008   1.5304955214400236E-009
   7.5185434804402210E-008   1.6093217309486178E-009
   7.9056907559051683E-008   1.6921894467036254E-009
   8.3126874969096331E-008   1.7793058811644755E-009
   8.7405514073260905E-008   1.8708888708007382E-009
   9.1903523698207436E-008   1.9671674207967793E-009
   9.6632151211174796E-008   2.0683822776840222E-009
   1.0160322064425558E-007   2.1747865313326940E-009
   1.0682916226063522E-007   2.2866462478083471E-009
   1.1232304363672477E-007   2.4042411346756337E-009
   1.1809860233790855E-007   2.5278652404129275E-009
   1.2417028026961322E-007   2.6578276896867074E-009
   1.3055325978959382E-007   2.7944534563242618E-009
   1.3726350167173606E-007   2.9380841759175513E-009
   1.4431778501630456E-007   3.0890790000901663E-009
   1.5173374920643309E-007   3.2478154945634839E-009
   1.5952993801576999E-007   3.4146905832676666E-009
   1.6772584597757094E-007   3.5901215408582655E-009
   1.7634196713118560E-007   3.7745470361202380E-009
   1.8539984626783055E-007   3.9684282288684367E-009
   1.9492213280378795E-007   4.1722499230873846E-009
   2.0493263741574344E-007   4.3865217791938008E-009
   2.1545639157987882E-007   4.6117795884531503E-009
   2.2651971016359912E-007   4.8485866127369228E-009
   2.3815025722640635E-007   5.0975349929707484E-009
   2.5037711519445596E-007   5.3592472297951892E-009
   2.6323085758176779E-007   5.6343777401416274E-009
   2.7674362543993424E-007   5.9236144936155216E-009
   2.9094920772748693E-007   6.2276807327788114E-009
   3.0588312579988957E-007   6.5473367816330994E-009
   3.2158272223142504E-007   6.8833819468257478E-009
   3.3808725419107700E-007   7.2366565163328957E-009
   3.5543799160589546E-007   7.6080438606171487E-009
   3.7367832035730469E-007   7.9984726415139268E-009
   3.9285385076839898E-007   8.4089191343698426E-009
   4.1301253165350015E-007   8.8404096692396627E-009
   4.3420477021515918E-007   9.2940231972461018E-009
   4.5648355808841019E-007   9.7708939885197253E-009
   4.7990460384744812E-007   1.0272214468465162E-008
   5.0452647230606942E-007   1.0799238199445820E-008
   5.3041073096019782E-007   1.1353283015342832E-008
   5.5762210393867735E-007   1.1935734316826298E-008
   5.8622863384729033E-007   1.2548048535578672E-008
   6.1630185191069486E-007   1.3191756776132711E-008
   6.4791695683772190E-007   1.3868468644430426E-008
   6.8115300285729371E-007   1.4579876272676473E-008
   7.1609309739514432E-007   1.5327758550550173E-008
   7.5282460888564487E-007   1.6113985573356443E-008
   7.9143938523836078E-007   1.6940523318238265E-008
   8.3203398350563077E-007   1.7809438560143743E-008
   8.7470991132544829E-007   1.8722904039840133E-008
   9.1957388074338403E-007   1.9683203896897684E-008
   9.6673807504822957E-007   2.0692739381228484E-008
   1.0163204292885934E-006   2.1754034857462148E-008
   1.0684449251718901E-006   2.2869744117172493E-008
   1.1232419010831123E-006   2.4042657014738964E-008
   1.1808483779986027E-006   2.5275706443435935E-008
   1.2414084021097800E-006   2.6571975669193827E-008
   1.3050734050135428E-006   2.7934706040370140E-008
   1.3720025823700325E-006   2.9367305092808939E-008
   1.4423632919745793E-006   3.0873355070455623E-008
   1.5163314722392269E-006   3.2456621882832959E-008
   1.5940920821302548E-006   3.4121064521776768E-008
   1.6758395636617643E-006   3.5870844960977911E-008
   1.7617783281018099E-006   3.7710338563084753E-008
   1.8521232671068316E-006   3.9644145020389086E-008
   1.9471002900625021E-006   4.1677099856453123E-008
   2.0469468889746026E-006   4.3814286517437422E-008
   2.1519127323224643E-006   4.6061049083364576E-008
   2.2622602893598956E-006   4.8423005631103213E-008
   2.3782654864246851E-006   5.0906062282486963E-008
   2.5002183968977842E-006   5.3516427972695819E-008
   2.6284239665374251E-006   5.6260629975828622E-008
   2.7632027760018851E-006   5.9145530226488737E-008
   2.9048918424675899E-006   6.2178342478195282E-008
   3.0538454623470225E-006   6.5366650341524948E-008
   3.2104360972136511E-006   6.8718426247089097E-008
   3.3750553051491660E-006   7.2242051380763550E-008
   3.5481147198418437E-006   7.5946336641019511E-008
   3.7300470798843118E-006   7.9840544670759773E-008
   3.9213073108444627E-006   8.3934413018751289E-008
   4.1223736628152744E-006   8.8238178488570003E-008
   4.3337489062879589E-006   9.2762602735942532E-008
   4.5559615893387780E-006   9.7518999178491929E-008
   4.7895673592730747E-006   1.0251926128517532E-007
   5.0351503520313766E-006   1.0777589231615236E-007
   5.2933246528317269E-006   1.1330203658744914E-007
   5.5647358317006296E-006   1.1911151233859577E-007
   5.8500625577322097E-006   1.2521884628542393E-007
   6.1500182961120539E-006   1.3163930994442410E-007
   6.4653530921491325E-006   1.3838895781949250E-007
   6.7968554467768288E-006   1.4548466754655449E-007
   7.1453542882127184E-006   1.5294418209644671E-007
   7.5117210447072963E-006   1.6078615414158759E-007
   7.8968718235645217E-006   1.6903019269737520E-007
   8.3017697018828700E-006   1.7769691215494149E-007
   8.7274271347448368E-006   1.8680798382786889E-007
   9.1749084868766483E-006   1.9638619014176414E-007
   9.6453326941085109E-006   2.0645548160219077E-007
   1.0139876061290435E-005   2.1704103668341007E-007
   1.0659775203659796E-005   2.2816932478768349E-007
   1.1206330139015491E-005   2.3986817243256758E-007
   1.1780907538430686E-005   2.5216683283170415E-007
   1.2384944143632526E-005   2.6509605904309387E-007
   1.3019950359593940E-005   2.7868818086776215E-007
   1.3687514031320758E-005   2.9297718569110374E-007
   1.4389304414278001E-005   3.0799880346905233E-007
   1.5127076348383315E-005   3.2379059607158371E-007
   1.5902674646004526E-005   3.4039205120695876E-007
   1.6718038704933516E-005   3.5784468116156499E-007
   1.7575207357871020E-005   3.7619212660225887E-007
   1.8476323970548356E-005   3.9548026570076725E-007
   1.9423641801233880E-005   4.1575732885301698E-007
   2.0419529635025469E-005   4.3707401928025059E-007
   2.1466477707017401E-005   4.5948363981349325E-007
   2.2567103929152355E-005   4.8304222617839831E-007
   2.3724160436328636E-005   5.0780868711375387E-007
   2.4940540468130741E-005   5.3384495167401766E-007
   2.6219285603391015E-005   5.6121612408421536E-007
   2.7563593365672017E-005   5.8999064653442000E-007
   2.8976825218686660E-005   6.2024047032088071E-007
   3.0462514971648618E-005   6.5204123576174852E-007
   3.2024377615569656E-005   6.8547246133727443E-007
   3.3666318612599119E-005   7.2061774252743706E-007
   3.5392443661632595E-005   7.5756496084419074E-007
   3.7207068964608233E-005   7.9640650358102796E-007
   3.9114732019161025E-005   8.3723949482934194E-007
   4.1120202964620960E-005   8.8016603833925226E-007
   4.3228496509725315E-005   9.2529347283217143E-007
   4.5444884471868942E-005   9.7273464040352639E-007
   4.7774908959246087E-005   1.0226081686867817E-006
   5.0224396228844615E-005   1.0750387674843241E-006
   5.2799471254942852E-005   1.1301575406069348E-006
   5.5506573044536282E-005   1.1881023137016151E-006
   5.8352470737988797E-005   1.2490179788875053E-006
   6.1344280535166007E-005   1.3130568570616639E-006
   6.4489483489372316E-005   1.3803790787806608E-006
   6.7795944213583579E-005   1.4511529846703913E-006
   7.1271930545747231E-005   1.5255555463653363E-006
   7.4926134222320237E-005   1.6037728090298418E-006
   7.8767692611736152E-005   1.6860003565679526E-006
   8.2806211562141469E-005   1.7724438006850591E-006
   8.7051789420529113E-005   1.8633192950242770E-006
   9.1515042283323470E-005   1.9588540756631586E-006
   9.6207130541551929E-005   2.0592870293222670E-006
   1.0113978678697320E-004   2.1648692907064255E-006
   1.0632534514893578E-004   2.2758648704723076E-006
   1.1177677213531696E-004   2.3925513153926170E-006
   1.1750769905465188E-004   2.5152204023676070E-006
   1.2353245610051704E-004   2.6441788680193323E-006
   1.2986610818338569E-004   2.7797491756929983E-006
   1.3652449259954415E-004   2.9222703217833155E-006
   1.4352425863124692E-004   3.0720986834020812E-006
   1.5088290917712003E-004   3.2296089095066189E-006
   1.5861884451689442E-004   3.3951948577173425E-006
   1.6675140831988819E-004   3.5692705791669900E-006
   1.7530093601226439E-004   3.7522713538441549E-006
   1.8428880562398845E-004   3.9446547790200163E-006
   1.9373749124260620E-004   4.1469019134799048E-006
   2.0367061920748138E-004   4.3595184804208725E-006
   2.1411302718497971E-004   4.5830361320231437E-006
   2.2509082627228903E-004   4.8180137788575295E-006
   2.3663146628513453E-004   5.0650389874530202E-006
   2.4876380439260579E-004   5.3247294495192028E-006
   2.6151817727067814E-004   5.5977345264973192E-006
   2.7492647695480664E-004   5.8847368733021578E-006
   2.8902223058121216E-004   6.1864541453149700E-006
   3.0384068421620257E-004   6.5036407928957835E-006
   3.1941889098308513E-004   6.8370899479023402E-006
   3.3579580370696644E-004   7.1876354069329190E-006
   3.5301237230902783E-004   7.5561537162521990E-006
   3.7111164619373218E-004   7.9435663636135633E-006
   3.9013888188489242E-004   8.3508420824585249E-006
   4.1014165617965146E-004   8.7789992742550050E-006
   4.3116998510320595E-004   9.2291085550315267E-006
   4.5327644896160413E-004   9.7022954324750362E-006
   4.7651632380517990E-004   1.0199743120286448E-005
   5.0094771963120409E-004   1.0722695496831301E-005
   5.2663172567116731E-004   1.1272460215483662E-005
   5.5363256312581006E-004   1.1850411974440793E-005
   5.8201774572961618E-004   1.2457995954184793E-005
   6.1185824854604709E-004   1.3096731431186673E-005
   6.4322868541534701E-004   1.3768215576888993E-005
   6.7620749549836452E-004   1.4474127451466535E-005
   7.1087713938255081E-004   1.5216232202351437E-005
   7.4732430524017044E-004   1.5996385478021320E-005
   7.8564012555386981E-004   1.6816538068087207E-005
   8.2592040495112478E-004   1.7678740781283797E-005
   8.6826585971683191E-004   1.8585149573559687E-005
   9.1278236958245806E-004   1.9538030939090382E-005
   9.5958124242081263E-004   2.0539767577694470E-005
   1.0087794925077195E-003   2.1592864352824442E-005
   1.0605001330457229E-003   2.2699954555030231E-005
   1.1148724836805616E-003   2.3863806486557395E-005
   1.1720324937785538E-003   2.5087330383544916E-005
   1.2321230822723566E-003   2.6373585693131581E-005
   1.2952944949239122E-003   2.7725788723667710E-005
   1.3617046798968203E-003   2.9147320687161522E-005
   1.4315196825760688E-003   3.0641736154070665E-005
   1.5049140606210256E-003   3.2212771941580037E-005
   1.5820713202880806E-003   3.3864356457591512E-005
   1.6631843751123228E-003   3.5600619523790170E-005
   1.7484560280933963E-003   3.7425902702349971E-005
   1.8380994785892474E-003   3.9344770152100921E-005
   1.9323388551830433E-003   4.1362020041303837E-005
   2.0314097758532671E-003   4.3482696545570620E-005
   2.1355599368449857E-003   4.5712102460931082E-005
   2.2450497317117648E-003   4.8055812463585456E-005
   2.3601529020728508E-003   5.0519687049499116E-005
   2.4811572217091284E-003   5.3109887188695429E-005
   2.6083652157044002E-003   5.5832889730890468E-005
   2.7420949164256385E-003   5.8695503600991366E-005
   2.8826806582275431E-003   6.1704886824955719E-005
   3.0304739128629780E-003   6.4868564428585457E-005
   3.1858441676820191E-003   6.8194447254011527E-005
   3.3491798488086639E-003   7.1690851740920415E-005
   3.5208892915959055E-003   7.5366520721985763E-005
   3.7014017607772147E-003   7.9230645284504648E-005
   3.8911685228557725E-003   8.3292887752904027E-005
   4.0906639734022031E-003   8.7563405849585277E-005
   4.3003868220676629E-003   9.2052878094521932E-005
   4.5208613382619204E-003   9.6772530507122635E-005
   4.7526386605960917E-003   1.0173416467712785E-004
   4.9962981733472000E-003   1.0695018727473219E-004
   5.2524489533670986E-003   1.1243364107372332E-004
   5.5217312910318134E-003   1.1819823756521093E-004
   5.8048182890095027E-003   1.2425839124349770E-004
   6.1024175428162405E-003   1.3062925564982409E-004
   6.4152729073291871E-003   1.3732676126411582E-004
   6.7441663536366627E-003   1.4436765533948278E-004
   7.0899199208246206E-003   1.5176954377907608E-004
   7.4533977675293244E-003   1.5955093516001792E-004
   7.8355083283269886E-003   1.6773128701448643E-004
   8.2372065802828898E-003   1.7633105448368249E-004
   8.6594964252454058E-003   1.8537174146633897E-004
   9.1034331937443827E-003   1.9487595438966987E-004
   9.5701262766384482E-003   2.0486745873721541E-004
   1.0060741890951925E-002   2.1537123847493127E-004
   1.0576505986648648E-002   2.2641355852411930E-004
   1.1118707301406303E-002   2.3802203043741318E-004
   1.1688700570780239E-002   2.5022568144204431E-004
   1.2287909901477836E-002   2.6305502702303186E-004
   1.2917832315801948E-002   2.7654214722779220E-004
   1.3580041475661078E-002   2.9072076688296979E-004
   1.4276191594881063E-002   3.0562633992407237E-004
   1.5008021548882504E-002   3.2129613804878019E-004
   1.5777359191102625E-002   3.3776934391560625E-004
   1.6586125885830777E-002   3.5508714912095514E-004
   1.7436341267380088E-002   3.7329285719957305E-004
   1.8330128235718442E-002   3.9243199190594328E-004
   1.9269718198809183E-002   4.1255241104738840E-004
   2.0257456571937865E-002   4.3370442615352006E-004
   2.1295808544192451E-002   4.5594092828127276E-004
   2.2387365121974943E-002   4.7931752027010011E-004
   2.3534849458895651E-002   5.0389265577803933E-004
   2.4741123480563662E-002   5.2972778544630892E-004
   2.6009194811544088E-002   5.5688751055792270E-004
   2.7342224009985039E-002   5.8543974457455370E-004
   2.8743532112970427E-002   6.1545588295556586E-004
   3.0216608492334974E-002   6.4701098168385731E-004
   3.1765119016234876E-002   6.8018394494491767E-004
   3.3392914505887709E-002   7.1505772242839722E-004
   3.5104039469176965E-002   7.5171951674554347E-004
   3.6902741082755423E-002   7.9026100148115765E-004
   3.8793478381238242E-002   8.3077855042531460E-004
   4.0780931595248766E-002   8.7337347855804333E-004
   4.2870011558462304E-002   9.1815229538955785E-004
   4.5065869076127051E-002   9.6522697128951845E-004
   4.7373904112271222E-002   1.0147152174712880E-003
   4.9799774608004707E-002   1.0667407803312853E-003
   5.2349404686642738E-002   1.1214337508794439E-003
   5.5028991929966735E-002   1.1789308900345072E-003
   5.7845013320394448E-002   1.2393759705975700E-003
   6.0804229332164568E-002   1.3029201367589826E-003
   6.3913685516281599E-002   1.3697222820375622E-003
   6.7180710753862657E-002   1.4399494465971686E-003
   7.0612911145379639E-002   1.5137772349341312E-003
   7.4218158254021685E-002   1.5913902549799734E-003
   7.8004570125958017E-002   1.6729825797174112E-003
   8.1980483166958829E-002   1.7587582324639136E-003
   8.6154412566292082E-002   1.8489316970362831E-003
   9.0534998535072686E-002   1.9437284540719313E-003
   9.5130935188803167E-002   2.0433855448479393E-003
   9.9950878491166767E-002   2.1481521640077357E-003
  0.10500332935026663        2.2582902826775234E-003
  0.11029648781224775        2.3740753035305698E-003
  0.11583807446027286        2.4957967494373626E-003
  0.12163511576781180        2.6237589874236107E-003
  0.12769369147512391        2.7582819897463712E-003
  0.13401864426803714        2.8997021339913802E-003
  0.14061325531617017        3.0483730441922545E-003
  0.14747889364590541        3.2046664750747969E-003
  0.15461465275335617        3.3689732416374760E-003
  0.16201699387321788        3.5417041963925170E-003
  0.16967942110577053        3.7232912567112192E-003
  0.17759221800202687        3.9141884848423909E-003
  0.18574227684795658        4.1148732233045127E-003
  0.19411304951974312        4.3258472884907112E-003
  0.20268464169726705        4.5476382254711597E-003
  0.21143406067090370        4.7808006271305818E-003
  0.22033561235026006        5.0259175209393754E-003
  0.22936142773979415        5.2836018268260206E-003
  0.23848208584578748        5.5544978897962031E-003
  0.24766729112187127        5.8392830911309966E-003
  0.25688656051628900        6.1386695421929514E-003
  0.26610987798255031        6.4534058650754763E-003
  0.27530828178518657        6.7842790645480664E-003
  0.28445436018387210        7.1321164959782185E-003
  0.29352264209287737        7.4977879341508622E-003
  0.30248987941873767        7.8822077481584280E-003
  0.31133522590748275        8.2863371877999296E-003
  0.32004032303842839        8.7111867872062161E-003
  0.32858930683607868        9.1578188917017453E-003
  0.33696875079750216        9.6273503142213189E-003
  0.34516755994732329        1.0120955127924229E-002
  0.35317682984045928        1.0639867601988791E-002
  0.36098968256944691        1.1185385287928279E-002
  0.36860108983427914        1.1758872264145679E-002
  0.37600769113207883        1.2361762546840304E-002
  0.38320761326794495        1.2995563675795354E-002
  0.39020029575527515        1.3661860484012717E-002
  0.39698632529406908        1.4362319060621114E-002
  0.40356728138806736        1.5098690916966851E-002
  0.40994559426668092        1.5872817366304654E-002
  0.41612441558695723        1.6686634128040025E-002
  0.42210750187278145        1.7542176168036182E-002
  0.42789911027238386        1.8441582787088833E-002
  0.43350390595314447        1.9387102970292634E-002
  0.43892688028064297        2.0381101010675536E-002
  0.44417327882692570        2.1426062421163048E-002
  0.44924853820499205        2.2524600149655367E-002
  0.45415823071990918        2.3679461112758350E-002
  0.45890801585201740        2.4893533064506049E-002
  0.46350359763702575        2.6169851817250164E-002
  0.46795068707581272        2.7511608832772438E-002
  0.47225496878914075        2.8922159202601699E-002
  0.47642207122585312        3.0405030037490541E-002
  0.48045753983452216        3.1963929287029631E-002
  0.48436681271537907        3.3602755011453371E-002
  0.48815519837917720        3.5325605128821179E-002
  0.49182785534997958        3.7136787661947425E-002
  0.49538977345727420        3.9040831510702784E-002
  0.49884575676681686        4.1042497776623207E-002
  0.50220040819668699        4.3146791668144099E-002
  0.50545811595264512        4.5358975016228840E-002
  0.50862304199237551        4.7684579431687385E-002
  0.51169911278882663        5.0129420137084955E-002
  0.51469001270578274        5.2699610507827926E-002
  0.51759918032109553        5.5401577358787119E-002
  0.52042980803185657        5.8242077014683001E-002
  0.52318484524872255        6.1228212204417223E-002
  0.52586700543186693        6.4367449821595049E-002
  0.52847877713810398        6.7667639595649295E-002
  0.53102243913886316        7.1137033720253137E-002
  0.53350007953542822        7.4784307488103385E-002
  0.53591361864743270        7.8618580983671582E-002
  0.53826483529204694        8.2649441888166322E-002
  0.54055539591618817        8.6886969453730950E-002
  0.54278688590584134        9.1341759706824774E-002
  0.54496084228934916        9.6024951943809222E-002
  0.54707878698868739       0.10094825658499168     
  0.54914225976531328       0.10612398445677694     
  0.55115285006235981       0.11156507757514651     
  0.55311222706511765       0.11728514150744071     
  0.55502216748407596       0.12329847939336487     
  0.55688458080188030       0.12962012771028983     
  0.55870153200688122       0.13626589387227869     
  0.56047526215016430       0.14325239575685672     
  0.56220820740084332       0.15059710325836245     
  0.56390301763218353       0.15831838197178444     
  0.56556257595397841       0.16643553911631614     
  0.56719002103253224       0.17496887181346230     
  0.56878877454392829       0.18393971784041632     
  0.57036257674775570       0.19337050898561925     
  0.57191553403857009       0.20328482713991677     
  0.57345218357033179       0.21370746326357135     
  0.57497758186744374       0.22466447937657763     
  0.57649742706435692       0.23618327372728970     
  0.57801822857620588       0.24829264930231493     
  0.57954754444362644       0.26102288584898548     
  0.58109431672853773       0.27440581559050098     
  0.58266935158313049       0.28847490282306965     
  0.58428601722288309       0.30326532759408176     
  0.58596127776533879       0.31881407367055542     
  0.58771725804382935       0.33516002101782094     
  0.58958367353620489       0.35234404301968869     
  0.59160170984693172       0.37040910868320143     
  0.59383046916937110       0.38940039008353694     
  0.59635786586057504       0.40936537531772832     
  0.59932164300889057       0.43035398724964558     
  0.60293989641283152       0.45241870834316256     
  0.60764384142480943       0.47561471189565774     
  0.61396967010139503       0.50000000000000000     
  0.62184748206268969       0.52438528810434226     
  0.63107237739671851       0.54758129165683744     
  0.64171161114119102       0.56964601275035442     
  0.65378038860263876       0.59063462468227168     
  0.66722843804505927       0.61059960991646300     
  0.68193875835413698       0.62959089131679857     
  0.69773492470100784       0.64765595698031131     
  0.71439615282117308       0.66483997898217906     
  0.73167641009635176       0.68118592632944464     
  0.74932361209889242       0.69673467240591824     
  0.76709577595628398       0.71152509717693035     
  0.78477253186510965       0.72559418440949908     
  0.80216183516613582       0.73897711415101452     
  0.81910265728403608       0.75170735069768513     
  0.83546480163472536       0.76381672627271024     
  0.85114694958435344       0.77533552062342237     
  0.86607380060236061       0.78629253673642863     
  0.88019288909631221       0.79671517286008320     
  0.89347142269642565       0.80662949101438075     
  0.90589331929765238       0.81606028215958371     
  0.91745651711910670       0.82503112818653768     
  0.92817057592001084       0.83356446088368386     
  0.93805456067847670       0.84168161802821562     
  0.94713518816384268       0.84940289674163760     
  0.95544521342870281       0.85674760424314322     
  0.96302203262361230       0.86373410612772128     
  0.96990647848023459       0.87037987228971014     
  0.97614178452324507       0.87670152060663509     
  0.98177269351673879       0.88271485849255926     
  0.98684468518608404       0.88843492242485345     
  0.99140329847158959       0.89387601554322305     
  0.99549352517628387       0.89905174341500826     
  0.99915925553750462       0.90397504805619078     
   1.0024427623551835       0.90865824029317521     
   1.0053842186067772       0.91311303054626902     
   1.0080212528727364       0.91735055811183364     
   1.0103885554822032       0.92138141901632842     
   1.0125175538255020       0.92521569251189661     
   1.0144361760039564       0.92886296627974685     
   1.0161687174146503       0.93233236040435075     
   1.0177358161478682       0.93563255017840496     
   1.0191545326690399       0.93877178779558279     
   1.0204385200930481       0.94175792298531702     
   1.0215982658808158       0.94459842264121285     
   1.0226413852853369       0.94730038949217221     
   1.0235729512570046       0.94987057986291512     
   1.0243958534889894       0.95231542056831264     
   1.0251111887122633       0.95464102498377112     
   1.0257186925927348       0.95685320833185594     
   1.0262172275477881       0.95895750222337683     
   1.0266053368625447       0.96095916848929708     
   1.0268818598996159       0.96286321233805272     
   1.0270465819732786       0.96467439487117879     
   1.0271008925058214       0.96639724498854673     
   1.0270475215876578       0.96803607071297026     
   1.0268908664217975       0.96959496996250949     
   1.0266383655366151       0.97107784079739823     
   1.0262999717857573       0.97248839116722752     
   1.0258866246508758       0.97383014818274971     
   1.0254093407278206       0.97510646693549385     
   1.0248786648538164       0.97632053888724157     
   1.0243043681525617       0.97747539985034460     
   1.0236953066032988       0.97857393757883682     
   1.0230593803590071       0.97961889898932453     
   1.0224035538372631       0.98061289702970722     
   1.0217339103067105       0.98155841721291104     
   1.0210557239475309       0.98245782383196367     
   1.0203737028101096       0.98331336587195994     
   1.0196921640619463       0.98412718263369536     
   1.0190145026464981       0.98490130908303319     
   1.0183432198649984       0.98563768093937898     
   1.0176804647930793       0.98633813951598737     
   1.0170280682327708       0.98700443632420465     
   1.0163875740504342       0.98763823745315982     
   1.0157602681939402       0.98824112773585449     
   1.0151472055622877       0.98881461471207166     
   1.0145492348366976       0.98936013239801113     
   1.0139670213548297       0.98987904487207579     
   1.0134010681027872       0.99037264968577876     
   1.0128517349028787       0.99084218110829825     
   1.0123192558824208       0.99128881321279372     
   1.0118037553165677       0.99171366281220019     
   1.0113052619443921       0.99211779225184160     
   1.0108237218613800       0.99250221206584910     
   1.0103590100930318       0.99286788350402166     
   1.0099109409535723       0.99321572093545185     
   1.0094792772912371       0.99354659413492452     
   1.0090637387176564       0.99386133045780700     
   1.0086640089138981       0.99416071690886887     
   1.0082797421001108       0.99444550211020388     
   1.0079105687497414       0.99471639817317414     
   1.0075561006231979       0.99497408247906072     
   1.0072159351897969       0.99521919937286940     
   1.0068896595009598       0.99545236177452889     
   1.0065768535720403       0.99567415271150927     
   1.0062770933248797       0.99588512677669550     
   1.0059899531382823       0.99608581151515752     
   1.0057150080490329       0.99627670874328877     
   1.0054518356419109       0.99645829580360745     
   1.0052000176633040       0.99663102675836246     
   1.0049591413895413       0.99679533352492511     
   1.0047288007778836       0.99695162695580763     
   1.0045085974252357       0.99710029786600873     
   1.0042981413570486       0.99724171801025352     
   1.0040970516665104       0.99737624101257638     
   1.0039049570220362       0.99750420325056266     
   1.0037214960591279       0.99762592469646938     
   1.0035463176709869       0.99774170971732234     
   1.0033790812106969       0.99785184783599223     
   1.0032194566164181       0.99795661445515194     
   1.0030671244697889       0.99805627154592791     
   1.0029217759966076       0.99815106830296363     
   1.0027831130178666       0.99824124176753604     
   1.0026508478583103       0.99832701742028274     
   1.0025247032188833       0.99840860974501988     
   1.0024044120187032       0.99848622276506593     
   1.0022897172115661       0.99856005055340291     
   1.0021803715813793       0.99863027771796242     
   1.0020761375204281       0.99869707986324097     
   1.0019767867939011       0.99876062402940258     
   1.0018821002936915       0.99882106910996549     
   1.0017918677841053       0.99887856624912053     
   1.0017058876418015       0.99893325921966869     
   1.0016239665919719       0.99898528478252879     
   1.0015459194425107       0.99903477302871035     
   1.0014715688176887       0.99908184770461039     
   1.0014007448926450       0.99912662652144191     
   1.0013332851298102       0.99916922144957465     
   1.0012690340182202       0.99920973899851873     
   1.0012078428165216       0.99924828048325443     
   1.0011495693003616       0.99928494227757148     
   1.0010940775147066       0.99931981605505504     
   1.0010412375315711       0.99935298901831604     
   1.0009909252135143       0.99938454411704447     
   1.0009430219832058       0.99941456025542541     
   1.0008974145992817       0.99944311248944206     
   1.0008539949386592       0.99947027221455365     
   1.0008126597854143       0.99949610734422201     
   1.0007733106262959       0.99952068247972981     
   1.0007358534528945       0.99954405907171873     
   1.0007001985704598       0.99956629557384657     
   1.0006662604133292       0.99958744758895257     
   1.0006339573668996       0.99960756800809403     
   1.0006032115960628       0.99962670714280044     
   1.0005739488799943       0.99964491285087897     
   1.0005460984531813       0.99966223065608451     
   1.0005195928525592       0.99967870386195135     
   1.0004943677706104       0.99969437366007596     
   1.0004703619142827       0.99970927923311703     
   1.0004475168695675       0.99972345785277206     
   1.0004257769715792       0.99973694497297694     
   1.0004050891799725       0.99974977431855794     
   1.0003854029595323       0.99976197796956257     
   1.0003666701657696       0.99977358644147585     
   1.0003488449353588       0.99978462876152507     
   1.0003318835812460       0.99979513254126262     
   1.0003157444922690       0.99980512404561028     
   1.0003003880371273       0.99981462825853373     
   1.0002857764725346       0.99982366894551644     
   1.0002718738554082       0.99983226871298536     
   1.0002586459589278       0.99984044906484004     
   1.0002460601923293       0.99984823045622095     
   1.0002340855242700       0.99985563234466057     
   1.0002226924096358       0.99986267323873590     
   1.0002118527196437       0.99986937074435012     
   1.0002015396751089       0.99987574160875647     
   1.0001917277827410       0.99988180176243480     
   1.0001823927743478       0.99988756635892617     
   1.0001735115488182       0.99989304981272520     
   1.0001650621167768       0.99989826583532271     
   1.0001570235477804       0.99990322746949289     
   1.0001493759199591       0.99990794712190545     
   1.0001421002719906       0.99991243659415030     
   1.0001351785573049       0.99991670711224712     
   1.0001285936004238       0.99992076935471552     
   1.0001223290553383       0.99992463347927807     
   1.0001163693658335       0.99992830914825914     
   1.0001106997276756       0.99993180555274597     
   1.0001053060525764       0.99993513143557144     
   1.0001001749338507       0.99993829511317511     
   1.0000952936137000       0.99994130449639906     
   1.0000906499520350       0.99994416711026912     
   1.0000862323967799       0.99994689011281146     
   1.0000820299555810       0.99994948031295061     
   1.0000780321688589       0.99995194418753652     
   1.0000742290841409       0.99995428789753893     
   1.0000706112316156       0.99995651730345436     
   1.0000671696008545       0.99995863797995865     
   1.0000638956186410       0.99996065522984789     
   1.0000607811278595       0.99996257409729761     
   1.0000578183673940       0.99996439938047621     
   1.0000549999529909       0.99996613564354242     
   1.0000523188590325       0.99996778722805857     
   1.0000497684011935       0.99996935826384603     
   1.0000473422199203       0.99997085267931285     
   1.0000450342647114       0.99997227421127632     
   1.0000428387791473       0.99997362641430676     
   1.0000407502866464       0.99997491266961658     
   1.0000387635769024       0.99997613619351333     
   1.0000368736929746       0.99997730004544483     
   1.0000350759190033       0.99997840713564734     
   1.0000333657685170       0.99997946023242235     
   1.0000317389733000       0.99998046196906076     
   1.0000301914728023       0.99998141485042646     
   1.0000287194040591       0.99998232125921860     
   1.0000273190920967       0.99998318346193193     
   1.0000259870408041       0.99998400361452200     
   1.0000247199242422       0.99998478376779776     
   1.0000235145783796       0.99998552587254852     
   1.0000223679932210       0.99998623178442314     
   1.0000212773053250       0.99998690326856887     
   1.0000202397906768       0.99998754200404594     
   1.0000192528579124       0.99998814958802562     
   1.0000183140418655       0.99998872753978441     
   1.0000174209974320       0.99998927730450304     
   1.0000165714937301       0.99998980025687967     
   1.0000157634085438       0.99999029770456749     
   1.0000149947230355       0.99999077089144495     
   1.0000142635167171       0.99999122100072579     
   1.0000135679626627       0.99999164915791749     
   1.0000129063229555       0.99999205643363642     
   1.0000122769443567       0.99999244384628361     
   1.0000116782541806       0.99999281236459303     
   1.0000111087563770       0.99999316291005214     
   1.0000105670277963       0.99999349635920709     
   1.0000100517146426       0.99999381354585470     
   1.0000095615290945       0.99999411526312654     
   1.0000090952460936       0.99999440226547365     
   1.0000086517002884       0.99999467527055053     
   1.0000082297831239       0.99999493496101255     
   1.0000078284400764       0.99999518198622117     
   1.0000074466680235       0.99999541696386796     
   1.0000070835127366       0.99999564048151945     
   1.0000067380665005       0.99999585309808636     
   1.0000064094658481       0.99999605534522096     
   1.0000060968894036       0.99999624772864615     
   1.0000057995558318       0.99999643072942079     
   1.0000055167218871       0.99999660480514230     
   1.0000052476805570       0.99999677039109047     
   1.0000049917592979       0.99999692790131656     
   1.0000047483183534       0.99999707772967816     
   1.0000045167491560       0.99999722025082427     
   1.0000042964728104       0.99999735582113214     
   1.0000040869386451       0.99999748477959749     
   1.0000038876228352       0.99999760744868460     
   1.0000036980270965       0.99999772413512955     
   1.0000035176774409       0.99999783513070928     
   1.0000033461229898       0.99999794071297055     
   1.0000031829348477       0.99999804114592428     
   1.0000030277050334       0.99999813668070503     
   1.0000028800454566       0.99999822755619938     
   1.0000027395869517       0.99999831399964356     
   1.0000026059783542       0.99999839622719089     
   1.0000024788856212       0.99999847444445356     
   1.0000023579909996       0.99999854884701533     
   1.0000022429922302       0.99999861962092118     
   1.0000021336017921       0.99999868694314298     
   1.0000020295461858       0.99999875098202107     
   1.0000019305652477       0.99999881189768614     
   1.0000018364114995       0.99999886984245945     
   1.0000017468495335       0.99999892496123244     
   1.0000016616554204       0.99999897739183130     
   1.0000015806161497       0.99999902726535972     
   1.0000015035291003       0.99999907470652705     
   1.0000014302015294       0.99999911983396150     
   1.0000013604500950       0.99999916276050516     
   1.0000012941003957       0.99999920359349648     
   1.0000012309865345       0.99999924243503924     
   1.0000011709507053       0.99999927938225741     
   1.0000011138427964       0.99999931452753865     
   1.0000010595200177       0.99999934795876422     
   1.0000010078465420       0.99999937975952968     
   1.0000009586931662       0.99999941000935333     
   1.0000009119369879       0.99999943878387587     
   1.0000008674610981       0.99999946615504820     
   1.0000008251542891       0.99999949219131279     
   1.0000007849107775       0.99999951695777378     
   1.0000007466299379       0.99999954051636009     
   1.0000007102160520       0.99999956292598069     
   1.0000006755780699       0.99999958424267099     
   1.0000006426293813       0.99999960451973446     
   1.0000006112876016       0.99999962380787333     
   1.0000005814743613       0.99999964215531889     
   1.0000005531151150       0.99999965960794879     
   1.0000005261389517       0.99999967620940400     
   1.0000005004784187       0.99999969200119654     
   1.0000004760693539       0.99999970702281427     
   1.0000004528507227       0.99999972131181902     
   1.0000004307644681       0.99999973490394112     
   1.0000004097553645       0.99999974783316725     
   1.0000003897708798       0.99999976013182745     
   1.0000003707610432       0.99999977183067523     
   1.0000003526783212       0.99999978295896319     
   1.0000003354774984       0.99999979354451840     
   1.0000003191155655       0.99999980361380980     
   1.0000003035516085       0.99999981319201614     
   1.0000002887467108       0.99999982230308782     
   1.0000002746638528       0.99999983096980727     
   1.0000002612678203       0.99999983921384583     
   1.0000002485251172       0.99999984705581790     
   1.0000002364038802       0.99999985451533235     
   1.0000002248738002       0.99999986161104215     
   1.0000002139060467       0.99999986836069021     
   1.0000002034731956       0.99999987478115371     
   1.0000001935491583       0.99999988088848768     
   1.0000001841091208       0.99999988669796325     
   1.0000001751294776       0.99999989222410768     
   1.0000001665877758       0.99999989748073870     
   1.0000001584626566       0.99999990248100068     
   1.0000001507338023       0.99999990723739740     
   1.0000001433818886       0.99999991176182135     
   1.0000001363885302       0.99999991606558714     
   1.0000001297362413       0.99999992015945549     
   1.0000001234083882       0.99999992405366323     
   1.0000001173891464       0.99999992775794866     
   1.0000001116634665       0.99999993128157372     
   1.0000001062170301       0.99999993463334969     
   1.0000001010362194       0.99999993782165741     
   1.0000000961080788       0.99999994085446964     
   1.0000000914202860       0.99999994373937007     
   1.0000000869611201       0.99999994648357204     
   1.0000000827194300       0.99999994909393775     
   1.0000000786846097       0.99999995157699439     
   1.0000000748465698       0.99999995393895080     
   1.0000000711957124       0.99999995618571336     
   1.0000000677229093       0.99999995832290012     
   1.0000000644194764       0.99999996035585514     
   1.0000000612771540       0.99999996228966159     
   1.0000000582880844       0.99999996412915504     
   1.0000000554447930       0.99999996587893547     
   1.0000000527401700       0.99999996754337828     
   1.0000000501674540       0.99999996912664479     
   1.0000000477202098       0.99999997063269497     
   1.0000000453923197       0.99999997206529401     
   1.0000000431779619       0.99999997342802438     
   1.0000000410715995       0.99999997472429369     
   1.0000000390679655       0.99999997595734313     
   1.0000000371620505       0.99999997713025590     
   1.0000000353490879       0.99999997824596509     
   1.0000000336245445       0.99999997930726048     
   1.0000000319841076       0.99999998031679616     
   1.0000000304236756       0.99999998127709600     
   1.0000000289393467       0.99999998219056141     
   1.0000000275274097       0.99999998305947668     
   1.0000000261843329       0.99999998388601430     
   1.0000000249067584       0.99999998467224149     
   1.0000000236914923       0.99999998542012369     
   1.0000000225354952       0.99999998613153152     
   1.0000000214358775       0.99999998680824309     
   1.0000000203898882       0.99999998745195151     
   1.0000000193949132       0.99999998806426571     
   1.0000000184484636       0.99999998864671691     
   1.0000000175481727       0.99999998920076172     
   1.0000000166917895       0.99999998972778548     
   1.0000000158771722       0.99999999022910602     
   1.0000000151022850       0.99999999070597667     
   1.0000000143651893       0.99999999115959026     
   1.0000000136640419       0.99999999159108099     
   1.0000000129970905       0.99999999200152723     
   1.0000000123626664       0.99999999239195614     
   1.0000000117591841       0.99999999276334339     
   1.0000000111851335       0.99999999311661802     
   1.0000000106390794       0.99999999345266322     
   1.0000000101196569       0.99999999377231930     
   1.0000000096255677       0.99999999407638551     
   1.0000000091555747       0.99999999436562237     
   1.0000000087085039       0.99999999464075284     
   1.0000000082832370       0.99999999490246494     
   1.0000000078787108       0.99999999515141336     
   1.0000000074939137       0.99999999538822038     
   1.0000000071278838       0.99999999561347808     
   1.0000000067797048       0.99999999582775012     
   1.0000000064485073       0.99999999603157175     
   1.0000000061334617       0.99999999622545299     
   1.0000000058337810       0.99999999640987847     
   1.0000000055487157       0.99999999658530947     
   1.0000000052775539       0.99999999675218443     
   1.0000000050196167       0.99999999691092090     
   1.0000000047742585       0.99999999706191589     
   1.0000000045408672       0.99999999720554655     
   1.0000000043188584       0.99999999734217238     
   1.0000000041076773       0.99999999747213464     
   1.0000000039067951       0.99999999759575886     
   1.0000000037157100       0.99999999771335368     
   1.0000000035339447       0.99999999782521332     
   1.0000000033610437       0.99999999793161765     
   1.0000000031965754       0.99999999803283257     
   1.0000000030401286       0.99999999812911100     
   1.0000000028913112       0.99999999822069408     
   1.0000000027497518       0.99999999830781050     
   1.0000000026150959       0.99999999839067832     
   1.0000000024870075       0.99999999846950460     
   1.0000000023651665       0.99999999854448629     
   1.0000000022492679       0.99999999861581113     
   1.0000000021390212       0.99999999868365752     
   1.0000000020341515       0.99999999874819490     
   1.0000000019343964       0.99999999880958479     
   1.0000000018395063       0.99999999886798063     
   1.0000000017492441       0.99999999892352864     
   1.0000000016633839       0.99999999897636738     
   1.0000000015817110       0.99999999902662917     
   1.0000000015040209       0.99999999907443982     
   1.0000000014301194       0.99999999911991866     
   1.0000000013598225       0.99999999916317928     
   1.0000000012929542       0.99999999920433003     
   1.0000000012293460       0.99999999924347427     
   1.0000000011688410       0.99999999928070904     
   1.0000000011112871       0.99999999931612782     
   1.0000000010565395       0.99999999934981931     
   1.0000000010044618       0.99999999938186779     
   1.0000000009549244       0.99999999941235307     
   1.0000000009078023       0.99999999944135176     
   1.0000000008629788       0.99999999946893592     
   1.0000000008203409       0.99999999949517482     
   1.0000000007797829       0.99999999952013408     
   1.0000000007412027       0.99999999954387597     
   1.0000000007045040       0.99999999956646024     
   1.0000000006695950       0.99999999958794283     
   1.0000000006363887       0.99999999960837771     
   1.0000000006048018       0.99999999962781605     
   1.0000000005747554       0.99999999964630626     
   1.0000000005461742       0.99999999966389486     
   1.0000000005189873       0.99999999968062558     
   1.0000000004931264       0.99999999969654030     
   1.0000000004685266       0.99999999971167886     
   1.0000000004451264       0.99999999972607923     
   1.0000000004228677       0.99999999973977693     
   1.0000000004016940       0.99999999975280696     
   1.0000000003815535       0.99999999976520126     
   1.0000000003623948       0.99999999977699128     
   1.0000000003441707       0.99999999978820620     
   1.0000000003268357       0.99999999979887422     
   1.0000000003103460       0.99999999980902188     
   1.0000000002946603       0.99999999981867449     
   1.0000000002797393       0.99999999982785659     
   1.0000000002655460       0.99999999983659071     
   1.0000000002520448       0.99999999984489907     
   1.0000000002392020       0.99999999985280208     
   1.0000000002269855       0.99999999986031962     
   1.0000000002153651       0.99999999986747046     
   1.0000000002043108       0.99999999987427268     
   1.0000000001937952       0.99999999988074328     
   1.0000000001837934       0.99999999988689814     
   1.0000000001742790       0.99999999989275290     
   1.0000000001652289       0.99999999989832211     
   1.0000000001566203       0.99999999990361965     
   1.0000000001484317       0.99999999990865873     
   1.0000000001406422       0.99999999991345223     
   1.0000000001332328       0.99999999991801169     
   1.0000000001261840       0.99999999992234911     
   1.0000000001194793       0.99999999992647481     
   1.0000000001131015       0.99999999993039934     
   1.0000000001070348       0.99999999993413247     
   1.0000000001012641       0.99999999993768351     
   1.0000000000957743       0.99999999994106148     
   1.0000000000905527       0.99999999994427458     
   1.0000000000855855       0.99999999994733102     
   1.0000000000808604       0.99999999995023847     
   1.0000000000763660       0.99999999995300393     
   1.0000000000720910       0.99999999995563460     
   1.0000000000680245       0.99999999995813704     
   1.0000000000641565       0.99999999996051725     
   1.0000000000604772       0.99999999996278144     
   1.0000000000569771       0.99999999996493549     
   1.0000000000536480       0.99999999996698408     
   1.0000000000504810       0.99999999996893307     
   1.0000000000474685       0.99999999997078681     
   1.0000000000446023       0.99999999997255040     
   1.0000000000418761       0.99999999997422773     
   1.0000000000392828       0.99999999997582323     
   1.0000000000368159       0.99999999997734090     
   1.0000000000344693       0.99999999997878464     
   1.0000000000322369       0.99999999998015809     
   1.0000000000301132       0.99999999998146449     
   1.0000000000280935       0.99999999998270728     
   1.0000000000261726       0.99999999998388911     
   1.0000000000243456       0.99999999998501343     
   1.0000000000226077       0.99999999998608313     
   1.0000000000209546       0.99999999998710054     
   1.0000000000193827       0.99999999998806821     
   1.0000000000178877       0.99999999998898881     
   1.0000000000164651       0.99999999998986455     
   1.0000000000151121       0.99999999999069744     
   1.0000000000138245       0.99999999999148992     
   1.0000000000126001       0.99999999999224354     
   1.0000000000114349       0.99999999999296063     
   1.0000000000103266       0.99999999999364253     
   1.0000000000092721       0.99999999999429123     
   1.0000000000082692       0.99999999999490830     
   1.0000000000073155       0.99999999999549516     
   1.0000000000064080       0.99999999999605371     
   1.0000000000055447       0.99999999999658484     
   1.0000000000047240       0.99999999999709011     
   1.0000000000039435       0.99999999999757050     
   1.0000000000032012       0.99999999999802769     
   1.0000000000024951       0.99999999999846256     
   1.0000000000018234       0.99999999999887634     
   1.0000000000011848       0.99999999999926970     
   1.0000000000005775       0.99999999999964406     
