   5.3964435452752980E-011   3.5602492699691204E-013
   1.1069568671871515E-010   7.3030364261700754E-013
   1.7033561148027682E-010   1.1237720386303144E-012
   2.3303334061883228E-010   1.5374139910047252E-012
   2.9894565111968568E-010   1.9722638201084793E-012
   3.6823735809618678E-010   2.4294088770499111E-012
   4.4108172691337388E-010   2.9099922626216698E-012
   5.1766090644165178E-010   3.4152156856482169E-012
   5.9816638452385523E-010   3.9463424678839018E-012
   6.8279946679461441E-010   4.5047007029754898E-012
   7.7177178004931018E-010   5.0916865773881445E-012
   8.6530580142131052E-010   5.7087678615989351E-012
   9.6363541469070346E-010   6.3574875802876729E-012
   1.0670064951155890E-009   7.0394678707024426E-012
   1.1756775242483139E-009   7.7564140388477833E-012
   1.2899202362740078E-009   8.5101188236380793E-012
   1.4100202974876076E-009   9.3024668796787753E-012
   1.5362780206084104E-009   1.0135439489884700E-011
   1.6690091157183229E-009   1.1011119519719513E-011
   1.8085454797015336E-009   1.1931696625444431E-011
   1.9552360261596253E-009   1.2899472729399580E-011
   2.1094475578773465E-009   1.3916867776009048E-011
   2.2715656840206591E-009   1.4986425782902603E-011
   2.4419957843605371E-009   1.6110821202285082E-011
   2.6211640229335760E-009   1.7292865608460173E-011
   2.8095184136740962E-009   1.8535514728230854E-011
   3.0075299406823686E-009   1.9841875831756194E-011
   3.2156937359302282E-009   2.1215215502345486E-011
   3.4345303173489402E-009   2.2658967804618260E-011
   3.6645868903951959E-009   2.4176742871454803E-011
   3.9064387163498150E-009   2.5772335931209052E-011
   4.1606905507706393E-009   2.7449736797756637E-011
   4.4279781556964658E-009   2.9213139847108044E-011
   4.7089698893833483E-009   3.1066954505533727E-011
   5.0043683775484178E-009   3.3015816275426860E-011
   5.3149122703002076E-009   3.5064598326474182E-011
   5.6413780891487292E-009   3.7218423681118950E-011
   5.9845821687137713E-009   3.9482678024785837E-011
   6.3453826979867171E-009   4.1863023172900198E-011
   6.7246818662500998E-009   4.4365411228376145E-011
   7.1234281190208034E-009   4.6996099464974639E-011
   7.5426185296579480E-009   4.9761665973747546E-011
   7.9833012925657071E-009   5.2669026111692212E-011
   8.4465783442253859E-009   5.5725449793746458E-011
   8.9336081186106654E-009   5.8938579671363236E-011
   9.4456084438760220E-009   6.2316450243120690E-011
   9.9838595875615563E-009   6.5867507945154213E-011
   1.0549707457928780E-008   6.9600632271646915E-011
   1.1144566969432425E-008   7.3525157978190892E-011
   1.1769925580743687E-008   7.7650898423539195E-011
   1.2427347014171765E-008   8.1988170108114919E-011
   1.3118475165784287E-008   8.6547818470636735E-011
   1.3845038216003839E-008   9.1341245007365558E-011
   1.4608852950959342E-008   9.6380435781784908E-011
   1.5411829305397793E-008   1.0167799139600365E-010
   1.6255975138516144E-008   1.0724715849882572E-010
   1.7143401254655230E-008   1.1310186290927285E-010
   1.8076326681410299E-008   1.1925674443838687E-010
   1.9057084218355949E-008   1.2572719349638397E-010
   2.0088126270260398E-008   1.3252938957669785E-010
   2.1172030979374879E-008   1.3968034171314199E-010
   2.2311508672132420E-008   1.4719793101135512E-010
   2.3509408636375823E-008   1.5510095536088052E-010
   2.4768726246061629E-008   1.6340917643968260E-010
   2.6092610451255399E-008   1.7214336912863673E-010
   2.7484371652147338E-008   1.8132537345955412E-010
   2.8947489976777303E-008   1.9097814922663894E-010
   3.0485623983167859E-008   2.0112583339793472E-010
   3.2102619807625236E-008   2.1179380047031874E-010
   3.3802520782083706E-008   2.2300872591896294E-010
   3.5589577544541796E-008   2.3479865289991872E-010
   3.7468258667871600E-008   2.4719306237261589E-010
   3.9443261833578860E-008   2.6022294681761963E-010
   4.1519525578453935E-008   2.7392088773397744E-010
   4.3702241643486474E-008   2.8832113710993987E-010
   4.5996867955922492E-008   3.0345970307077522E-010
   4.8409142276925735E-008   3.1937443991784073E-010
   5.0945096548969651E-008   3.3610514278405652E-010
   5.3611071978835822E-008   3.5369364714246913E-010
   5.6413734893934359E-008   3.7218393341672844E-010
   5.9360093411595064E-008   3.9162223695505820E-010
   6.2457514963011702E-008   4.1205716364271326E-010
   6.5713744715657899E-008   4.3353981144201390E-010
   6.9136924940240553E-008   4.5612389816387113E-010
   7.2735615370618237E-008   4.7986589579029832E-010
   7.6518814607594903E-008   5.0482517168378558E-010
   8.0495982620109614E-008   5.3106413703663307E-010
   8.4677064400086819E-008   5.5864840293144551E-010
   8.9072514830096964E-008   5.8764694440301834E-010
   9.3693324826009181E-008   6.1813227291185763E-010
   9.8551048820006358E-008   6.5018061766060615E-010
   1.0365783365268492E-007   6.8387211620676206E-010
   1.0902644894648368E-007   7.1929101484831966E-010
   1.1467031903639217E-007   7.5652587928340333E-010
   1.2060355653778121E-007   7.9566981607065100E-010
   1.2684099763529280E-007   8.3682070544411425E-010
   1.3339823918103056E-007   8.8008144606483534E-010
   1.4029167769481437E-007   9.2556021232110371E-010
   1.4753855036402161E-007   9.7337072482078154E-010
   1.5515697814553470E-007   1.0236325347520656E-009
   1.6316601107757277E-007   1.0764713228237378E-009
   1.7158567591471061E-007   1.1320192135324115E-009
   1.8043702620519765E-007   1.1904151055426029E-009
   1.8974219493579527E-007   1.2518050190057514E-009
   1.9952444987577372E-007   1.3163424606866691E-009
   2.0980825175845485E-007   1.3841888078104207E-009
   2.2061931544578786E-007   1.4555137115894563E-009
   2.3198467422889891E-007   1.5304955214400236E-009
   2.4393274742540054E-007   1.6093217309486178E-009
   2.5649341144248972E-007   1.6921894467036254E-009
   2.6969807448352816E-007   1.7793058811644755E-009
   2.8357975508491136E-007   1.8708888708007382E-009
   2.9817316467960812E-007   1.9671674207967793E-009
   3.1351479439382445E-007   2.0683822776840222E-009
   3.2964300629382650E-007   2.1747865313326940E-009
   3.4659812931108818E-007   2.2866462478083471E-009
   3.6442256008562704E-007   2.4042411346756337E-009
   3.8316086897968696E-007   2.5278652404129275E-009
   4.0285991152685978E-007   2.6578276896867074E-009
   4.2356894559532436E-007   2.7944534563242618E-009
   4.4533975455817406E-007   2.9380841759175513E-009
   4.6822677677882113E-007   3.0890790000901663E-009
   4.9228724173525977E-007   3.2478154945634839E-009
   5.1758131312356888E-007   3.4146905832676666E-009
   5.4417223929848859E-007   3.5901215408582655E-009
   5.7212651142724863E-007   3.7745470361202380E-009
   6.0151402975211893E-007   3.9684282288684367E-009
   6.3240827837741854E-007   4.1722499230873846E-009
   6.6488650901805055E-007   4.3865217791938008E-009
   6.9902993416902315E-007   4.6117795884531503E-009
   7.3492393017898170E-007   4.8485866127369228E-009
   7.7265825073554519E-007   5.0975349929707484E-009
   8.1232725129626915E-007   5.3592472297951892E-009
   8.5403012502642617E-007   5.6343777401416274E-009
   8.9787115083357875E-007   5.9236144936155216E-009
   9.4395995411915232E-007   6.2276807327788114E-009
   9.9241178089902592E-007   6.5473367816330994E-009
   1.0433477859785870E-006   6.8833819468257478E-009
   1.0968953359028342E-006   7.2366565163328957E-009
   1.1531883274390633E-006   7.6080438606171487E-009
   1.2123675223885067E-006   7.9984726415139268E-009
   1.2745808995641315E-006   8.4089191343698426E-009
   1.3399840248147241E-006   8.8404096692396627E-009
   1.4087404400205081E-006   9.2940231972461018E-009
   1.4810220720329978E-006   9.7708939885197253E-009
   1.5570096625816401E-006   1.0272214468465162E-008
   1.6368932202222366E-006   1.0799238199445820E-008
   1.7208724954572531E-006   1.1353283015342832E-008
   1.8091574802160680E-006   1.1935734316826298E-008
   1.9019689329441102E-006   1.2548048535578672E-008
   1.9995389306138944E-006   1.3191756776132711E-008
   2.1021114490382538E-006   1.3868468644430426E-008
   2.2099429729368665E-006   1.4579876272676473E-008
   2.3233031372815547E-006   1.5327758550550173E-008
   2.4424754015240541E-006   1.6113985573356443E-008
   2.5677577583921658E-006   1.6940523318238265E-008
   2.6994634790266590E-006   1.7809438560143743E-008
   2.8379218963221472E-006   1.8722904039840133E-008
   2.9834792284307031E-006   1.9683203896897684E-008
   3.1364994444873820E-006   2.0692739381228484E-008
   3.2973651747224366E-006   2.1754034857462148E-008
   3.4664786672359694E-006   2.2869744117172493E-008
   3.6442627938274402E-006   2.4042657014738964E-008
   3.8311621073951457E-006   2.5275706443435935E-008
   4.0276439535497090E-006   2.6571975669193827E-008
   4.2341996392211774E-006   2.7934706040370140E-008
   4.4513456611818686E-006   2.9367305092808939E-008
   4.6796249975568979E-006   3.0873355070455623E-008
   4.9196084655518267E-006   3.2456621882832959E-008
   5.1718961487924777E-006   3.4121064521776768E-008
   5.4371188978459643E-006   3.5870844960977911E-008
   5.7159399076750512E-006   3.7710338563084753E-008
   6.0090563759702674E-006   3.9644145020389086E-008
   6.3172012465064807E-006   4.1677099856453123E-008
   6.6411450418832013E-006   4.3814286517437422E-008
   6.9816977902314461E-006   4.6061049083364576E-008
   7.3397110507048723E-006   4.8423005631103213E-008
   7.7160800428200066E-006   5.0906062282486963E-008
   8.1117458849699677E-006   5.3516427972695819E-008
   8.5276979477091622E-006   5.6260629975828622E-008
   8.9649763276933498E-006   5.9145530226488737E-008
   9.4246744484611910E-006   6.2178342478195282E-008
   9.9079417945606073E-006   6.5366650341524948E-008
   1.0415986785856618E-005   6.8718426247089097E-008
   1.0950079799207942E-005   7.2242051380763550E-008
   1.1511556345068088E-005   7.5946336641019511E-008
   1.2101820406954059E-005   7.9840544670759773E-008
   1.2722347952133045E-005   8.3934413018751289E-008
   1.3374690622305647E-005   8.8238178488570003E-008
   1.4060479613514166E-005   9.2762602735942532E-008
   1.4781429754977779E-005   9.7518999178491929E-008
   1.5539343797053690E-005   1.0251926128517532E-007
   1.6336116919046419E-005   1.0777589231615236E-007
   1.7173741468136970E-005   1.1330203658744914E-007
   1.8054311941281661E-005   1.1911151233859577E-007
   1.8980030222537849E-005   1.2521884628542393E-007
   1.9953211088912578E-005   1.3163930994442410E-007
   2.0976287998501417E-005   1.3838895781949250E-007
   2.2051819175390945E-005   1.4548466754655449E-007
   2.3182494006540044E-005   1.5294418209644671E-007
   2.4371139766635491E-005   1.6078615414158759E-007
   2.5620728687737383E-005   1.6903019269737520E-007
   2.6934385391391987E-005   1.7769691215494149E-007
   2.8315394701796026E-005   1.8680798382786889E-007
   2.9767209859549299E-005   1.9638619014176414E-007
   3.1293461156533940E-005   2.0645548160219077E-007
   3.2897965013511985E-005   2.1704103668341007E-007
   3.4584733523139533E-005   2.2816932478768349E-007
   3.6357984482259980E-005   2.3986817243256758E-007
   3.8222151938561797E-005   2.5216683283170415E-007
   4.0181897277972748E-005   2.6509605904309387E-007
   4.2242120880514555E-005   2.7868818086776215E-007
   4.4407974373763149E-005   2.9297718569110374E-007
   4.6684873514554237E-005   3.0799880346905233E-007
   4.9078511731144770E-005   3.2379059607158371E-007
   5.1594874359691903E-005   3.4039205120695876E-007
   5.4240253610648008E-005   3.5784468116156499E-007
   5.7021264302494416E-005   3.7619212660225887E-007
   5.9944860402155929E-005   3.9548026570076725E-007
   6.3018352413455011E-005   4.1575732885301698E-007
   6.6249425657084906E-005   4.3707401928025059E-007
   6.9646159487810196E-005   4.5948363981349325E-007
   7.3217047496946792E-005   4.8304222617839831E-007
   7.6971018750637048E-005   5.0780868711375387E-007
   8.0917460117025018E-005   5.3384495167401766E-007
   8.5066239738160613E-005   5.6121612408421536E-007
   8.9427731705322847E-005   5.8999064653442000E-007
   9.4012841999461088E-005   6.2024047032088071E-007
   9.8833035761618216E-005   6.5204123576174852E-007
   1.0390036596152232E-004   6.8547246133727443E-007
   1.0922750353603239E-004   7.2061774252743706E-007
   1.1482776907279640E-004   7.5756496084419074E-007
   1.2071516611834488E-004   7.9640650358102796E-007
   1.2690441619390435E-004   8.3723949482934194E-007
   1.3341099560648483E-004   8.8016603833925226E-007
   1.4025117414728482E-004   9.2529347283217143E-007
   1.4744205577417506E-004   9.7273464040352639E-007
   1.5500162137998424E-004   1.0226081686867817E-006
   1.6294877375352474E-004   1.0750387674843241E-006
   1.7130338484577760E-004   1.1301575406069348E-006
   1.8008634545942136E-004   1.1881023137016151E-006
   1.8931961748594730E-004   1.2490179788875053E-006
   1.9902628882097336E-004   1.3130568570616639E-006
   2.0923063109506426E-004   1.3803790787806608E-006
   2.1995816036440711E-004   1.4511529846703913E-006
   2.3123570091308871E-004   1.5255555463653363E-006
   2.4309145232650258E-004   1.6037728090298418E-006
   2.5555506000359202E-004   1.6860003565679526E-006
   2.6865768928423104E-004   1.7724438006850591E-006
   2.8243210337708591E-004   1.8633192950242770E-006
   2.9691274528279932E-004   1.9588540756631586E-006
   3.1213582391732988E-004   2.0592870293222670E-006
   3.2813940465077759E-004   2.1648692907064255E-006
   3.4496350448806758E-004   2.2758648704723076E-006
   3.6265019212946756E-004   2.3925513153926170E-006
   3.8124369316111203E-004   2.5152204023676070E-006
   4.0079050063853604E-004   2.6441788680193323E-006
   4.2133949133969740E-004   2.7797491756929983E-006
   4.4294204797814467E-004   2.9222703217833155E-006
   4.6565218768188110E-004   3.0720986834020812E-006
   4.8952669705914738E-004   3.2296089095066189E-006
   5.1462527418880025E-004   3.3951948577173425E-006
   5.4101067789028468E-004   3.5692705791669900E-006
   5.6874888464638501E-004   3.7522713538441549E-006
   5.9790925357107580E-004   3.9446547790200163E-006
   6.2856469983490094E-004   4.1469019134799048E-006
   6.6079187698144806E-004   4.3595184804208725E-006
   6.9467136859070982E-004   4.5830361320231437E-006
   7.3028788976848787E-004   4.8180137788575295E-006
   7.6773049896554997E-004   5.0650389874530202E-006
   8.0709282065607405E-004   5.3247294495192028E-006
   8.4847327943204519E-004   5.5977345264973192E-006
   8.9197534609881523E-004   5.8847368733021578E-006
   9.3770779638701295E-004   6.1864541453149700E-006
   9.8578498292753165E-004   6.5036407928957835E-006
   1.0363271211694654E-003   6.8370899479023402E-006
   1.0894605899557006E-003   7.1876354069329190E-006
   1.1453182475075025E-003   7.5561537162521990E-006
   1.2040397636079432E-003   7.9435663636135633E-006
   1.2657719688144835E-003   8.3508420824585249E-006
   1.3306692215735744E-003   8.7789992742550050E-006
   1.3988937941548766E-003   9.2291085550315267E-006
   1.4706162783697087E-003   9.7022954324750362E-006
   1.5460160120877558E-003   1.0199743120286448E-005
   1.6252815276180477E-003   1.0722695496831301E-005
   1.7086110230748008E-003   1.1272460215483662E-005
   1.7962128579061664E-003   1.1850411974440793E-005
   1.8883060738242533E-003   1.2457995954184793E-005
   1.9851209424382493E-003   1.3096731431186673E-005
   2.0868995409591448E-003   1.3768215576888993E-005
   2.1938963574146819E-003   1.4474127451466535E-005
   2.3063789268868138E-003   1.5216232202351437E-005
   2.4246285003614505E-003   1.5996385478021320E-005
   2.5489407478616658E-003   1.6816538068087207E-005
   2.6796264976211388E-003   1.7678740781283797E-005
   2.8170125131445679E-003   1.8585149573559687E-005
   2.9614423100963556E-003   1.9538030939090382E-005
   3.1132770150582713E-003   2.0539767577694470E-005
   3.2728962683012753E-003   2.1592864352824442E-005
   3.4406991728265072E-003   2.2699954555030231E-005
   3.6171052920458678E-003   2.3863806486557395E-005
   3.8025556985939782E-003   2.5087330383544916E-005
   3.9975140768907574E-003   2.6373585693131581E-005
   4.2024678822079817E-003   2.7725788723667710E-005
   4.4179295591339519E-003   2.9147320687161522E-005
   4.6444378224785362E-003   3.0641736154070665E-005
   4.8825590038163611E-003   3.2212771941580037E-005
   5.1328884670295066E-003   3.3864356457591512E-005
   5.3960520963828385E-003   3.5600619523790170E-005
   5.6727078608457019E-003   3.7425902702349971E-005
   5.9635474585634013E-003   3.9344770152100921E-005
   6.2692980455812397E-003   4.1362020041303837E-005
   6.5907240531333129E-003   4.3482696545570620E-005
   6.9286290980282716E-003   4.5712102460931082E-005
   7.2838579908952360E-003   4.8055812463585456E-005
   7.6572988472958948E-003   5.0519687049499116E-005
   8.0498853069634092E-003   5.3109887188695429E-005
   8.4625988666964455E-003   5.5832889730890468E-005
   8.8964713327172439E-003   5.8695503600991366E-005
   9.3525873985972376E-003   6.1704886824955719E-005
   9.8320873551626942E-003   6.4868564428585457E-005
   1.0336169939116610E-002   6.8194447254011527E-005
   1.0866095327452457E-002   7.1690851740920415E-005
   1.1423188285090554E-002   7.5366520721985763E-005
   1.2008841473539502E-002   7.9230645284504648E-005
   1.2624518928773480E-002   8.3292887752904027E-005
   1.3271759716921438E-002   8.7563405849585277E-005
   1.3952181776786702E-002   9.2052878094521932E-005
   1.4667485958654768E-002   9.6772530507122635E-005
   1.5419460269302781E-002   1.0173416467712785E-004
   1.6209984333595762E-002   1.0695018727473219E-004
   1.7041034083540546E-002   1.1243364107372332E-004
   1.7914686686166630E-002   1.1819823756521093E-004
   1.8833125722111300E-002   1.2425839124349770E-004
   1.9798646627299944E-002   1.3062925564982409E-004
   2.0813662410627029E-002   1.3732676126411582E-004
   2.1880709661050473E-002   1.4436765533948278E-004
   2.3002454858003726E-002   1.5176954377907608E-004
   2.4181700999492635E-002   1.5955093516001792E-004
   2.5421394562661629E-002   1.6773128701448643E-004
   2.6724632811964966E-002   1.7633105448368249E-004
   2.8094671470335612E-002   1.8537174146633897E-004
   2.9534932768870925E-002   1.9487595438966987E-004
   3.1049013890504185E-002   2.0486745873721541E-004
   3.2640695822844526E-002   2.1537123847493127E-004
   3.4313952634768483E-002   2.2641355852411930E-004
   3.6072961190334783E-002   2.3802203043741318E-004
   3.7922111312045689E-002   2.5022568144204431E-004
   3.9866016403230363E-002   2.6305502702303186E-004
   4.1909524536174095E-002   2.7654214722779220E-004
   4.4057730008298726E-002   2.9072076688296979E-004
   4.6315985362881028E-002   3.0562633992407237E-004
   4.8689913863054143E-002   3.2129613804878019E-004
   5.1185422397632137E-002   3.3776934391560625E-004
   5.3808714783954568E-002   3.5508714912095514E-004
   5.6566305415602210E-002   3.7329285719957305E-004
   5.9465033180410985E-002   3.9243199190594328E-004
   6.2512075545351320E-002   4.1255241104738840E-004
   6.5714962667851276E-002   4.3370442615352006E-004
   6.9081591345919319E-002   4.5594092828127276E-004
   7.2620238559366751E-002   4.7931752027010011E-004
   7.6339574278349517E-002   5.0389265577803933E-004
   8.0248673119476366E-002   5.2972778544630892E-004
   8.4357024309218986E-002   5.5688751055792270E-004
   8.8674539263836394E-002   5.8543974457455370E-004
   9.3211555908168486E-002   6.1545588295556586E-004
   9.7978838625398482E-002   6.4701098168385731E-004
  0.10298757244867872        6.8018394494491767E-004
  0.10824934976588432        7.1505772242839722E-004
  0.11377614740427881        7.5171951674554347E-004
  0.11958029148880903        7.9026100148115765E-004
  0.12567440692758844        8.3077855042531460E-004
  0.13207134778139309        8.7337347855804333E-004
  0.13878410414558237        9.1815229538955785E-004
  0.14582568055921902        9.6522697128951845E-004
  0.15320894043428770        1.0147152174712880E-003
  0.16094641068540722        1.0667407803312853E-003
  0.16905004080503708        1.1214337508794439E-003
  0.17753091129409052        1.1789308900345072E-003
  0.18639888789711634        1.2393759705975700E-003
  0.19566222080651904        1.3029201367589826E-003
  0.20532709216945402        1.3697222820375622E-003
  0.21539712101951650        1.4399494465971686E-003
  0.22587284209061514        1.5137772349341312E-003
  0.23675118339632284        1.5913902549799734E-003
  0.24802497601203252        1.6729825797174112E-003
  0.25968253668168623        1.7587582324639136E-003
  0.27170736779927102        1.8489316970362831E-003
  0.28407801808741956        1.9437284540719313E-003
  0.29676813956929787        2.0433855448479393E-003
  0.30974676203735979        2.1481521640077357E-003
  0.32297878657358636        2.2582902826775234E-003
  0.33642567770011106        2.3740753035305698E-003
  0.35004631326694796        2.4957967494373626E-003
  0.36379793592659454        2.6237589874236107E-003
  0.37763714255544667        2.7582819897463712E-003
  0.39152084900144907        2.8997021339913802E-003
  0.40540717597109971        3.0483730441922545E-003
  0.41925621531985674        3.2046664750747969E-003
  0.43303065159425208        3.3689732416374760E-003
  0.44669622878116499        3.5417041963925170E-003
  0.46022206499379331        3.7232912567112192E-003
  0.47358082730900497        3.9141884848423909E-003
  0.48674878499767554        4.1148732233045127E-003
  0.49970576233138908        4.3258472884907112E-003
  0.51243501265978464        4.5476382254711597E-003
  0.52492303425877107        4.7808006271305818E-003
  0.53715934621352757        5.0259175209393754E-003
  0.54913623985508508        5.2836018268260206E-003
  0.56084851840294614        5.5544978897962031E-003
  0.57229323473304505        5.8392830911309966E-003
  0.58346943473739099        6.1386695421929514E-003
  0.59437791163703613        6.4534058650754763E-003
  0.60502097486831230        6.7842790645480664E-003
  0.61540223576540687        7.1321164959782185E-003
  0.62552641117422225        7.4977879341508622E-003
  0.63539914530940522        7.8822077481584280E-003
  0.64502684956363343        8.2863371877999296E-003
  0.65441655955367672        8.7111867872062161E-003
  0.66357580840401875        9.1578188917017453E-003
  0.67251251509398513        9.6273503142213189E-003
  0.68123488660183540        1.0120955127924229E-002
  0.68975133254765553        1.0639867601988791E-002
  0.69807039104905555        1.1185385287928279E-002
  0.70620066454636465        1.1758872264145679E-002
  0.71415076441711334        1.2361762546840304E-002
  0.72192926327555240        1.2995563675795354E-002
  0.72954465393630985        1.3661860484012717E-002
  0.73700531410824921        1.4362319060621114E-002
  0.74431947597260117        1.5098690916966851E-002
  0.75149519988701019        1.5872817366304654E-002
  0.75854035154348498        1.6686634128040025E-002
  0.76546258199313322        1.7542176168036182E-002
  0.77226931003418431        1.8441582787088833E-002
  0.77896770654248115        1.9387102970292634E-002
  0.78556468040580429        2.0381101010675536E-002
  0.79206686580543062        2.1426062421163048E-002
  0.79848061067033327        2.2524600149655367E-002
  0.80481196621119266        2.3679461112758350E-002
  0.81106667752218020        2.4893533064506049E-002
  0.81725017531700039        2.6169851817250164E-002
  0.82336756893994489        2.7511608832772438E-002
  0.82942364086006481        2.8922159202601699E-002
  0.83542284291369984        3.0405030037490541E-002
  0.84136929460375376        3.1963929287029631E-002
  0.84726678378929554        3.3602755011453371E-002
  0.85311877010252202        3.5325605128821179E-002
  0.85892839140871957        3.7136787661947425E-002
  0.86469847357677743        3.9040831510702784E-002
  0.87043154375292309        4.1042497776623207E-002
  0.87612984723089826        4.3146791668144099E-002
  0.88179536789246682        4.5358975016228840E-002
  0.88742985206020231        4.7684579431687385E-002
  0.89303483546938645        5.0129420137084955E-002
  0.89861167293837163        5.2699610507827926E-002
  0.90416157020816978        5.5401577358787119E-002
  0.90968561734263365        5.8242077014683001E-002
  0.91518482303850379        6.1228212204417223E-002
  0.92066014919457206        6.4367449821595049E-002
  0.92611254513199115        6.7667639595649295E-002
  0.93154298093975152        7.1137033720253137E-002
  0.93695247953311467        7.4784307488103385E-002
  0.94234214714793485        7.8618580983671582E-002
  0.94771320213832688        8.2649441888166322E-002
  0.95306700208695394        8.6886969453730950E-002
  0.95840506936560521        9.1341759706824774E-002
  0.96372911539049211        9.6024951943809222E-002
  0.96904106389675138       0.10094825658499168     
  0.97434307360832328       0.10612398445677694     
  0.97963756070380481       0.11156507757514651     
  0.98492722147941736       0.11728514150744071     
  0.99021505559120870       0.12329847939336487     
  0.99550439022432302       0.12962012771028983     
   1.0007989054907240       0.13626589387227869     
   1.0061026612991733       0.14325239575685672     
   1.0114201258707487       0.15059710325836245     
   1.0167562059845823       0.15831838197178444     
   1.0221162789226925       0.16643553911631614     
   1.0275062259262242       0.17496887181346230     
   1.0329324667592252       0.18393971784041632     
   1.0384019946751415       0.19337050898561925     
   1.0439224106626031       0.20328482713991677     
   1.0495019552686602       0.21370746326357135     
   1.0551495355064353       0.22466447937657763     
   1.0608747432856120       0.23618327372728970     
   1.0666878603832242       0.24829264930231493     
   1.0725998431184840       0.26102288584898548     
   1.0786222775363390       0.27440581559050098     
   1.0847672930017287       0.28847490282306965     
   1.0910474187051880       0.30326532759408176     
   1.0974753638920240       0.31881407367055542     
   1.1040636991585471       0.33516002101782094     
   1.1108244139082415       0.35234404301968869     
   1.1177683256848296       0.37040910868320143     
   1.1249043235271676       0.38940039008353694     
   1.1322384415617535       0.40936537531772832     
   1.1397727958976223       0.43035398724964558     
   1.1475044140743442       0.45241870834316256     
   1.1554243525586243       0.47561471189565774     
   1.1635157054519203       0.50000000000000000     
   1.1713585174183216       0.52438528810434226     
   1.1785820140559431       0.54758129165683744     
   1.1852344434133102       0.56964601275035442     
   1.1913613668366101       0.59063462468227168     
   1.1970067330665346       0.61059960991646300     
   1.2022122851341521       0.62959089131679857     
   1.2070171788167721       0.64765595698031131     
   1.2114576646984010       0.66483997898217906     
   1.2155669141687040       0.68118592632944464     
   1.2193749758359016       0.69673467240591824     
   1.2229088377628365       0.71152509717693035     
   1.2261925646589913       0.72559418440949908     
   1.2292474817131247       0.73897711415101452     
   1.2320923819469523       0.75170735069768513     
   1.2347437396863734       0.76381672627271024     
   1.2372159177774682       0.77533552062342237     
   1.2395213600968269       0.78629253673642863     
   1.2416707636523909       0.79671517286008320     
   1.2436732262172596       0.80662949101438075     
   1.2455363660647201       0.81606028215958371     
   1.2472664099699298       0.82503112818653768     
   1.2488682440034857       0.83356446088368386     
   1.2503454182509495       0.84168161802821562     
   1.2517000898673640       0.84940289674163760     
   1.2529328775370414       0.85674760424314322     
   1.2540425676756832       0.86373410612772128     
   1.2550255977609985       0.87037987228971014     
   1.2558748514611797       0.87670152060663509     
   1.2565783583679291       0.88271485849255926     
   1.2571081439024929       0.88843492242485345     
   1.2574340563763722       0.89387601554322305     
   1.2570534207577060       0.89905174341500826     
   1.2565323687772303       0.90397504805619078     
   1.2558581891584291       0.90865824029317521     
   1.2550693468496659       0.91311303054626902     
   1.2541804171103423       0.91735055811183364     
   1.2532026438021449       0.92138141901632842     
   1.2521436547958560       0.92521569251189661     
   1.2510089965916935       0.92886296627974685     
   1.2498026951487902       0.93233236040435075     
   1.2485276543118300       0.93563255017840496     
   1.2471859071062490       0.93877178779558279     
   1.2457787902737285       0.94175792298531702     
   1.2443070690662827       0.94459842264121285     
   1.2427710298580739       0.94730038949217221     
   1.2411705509418769       0.94987057986291512     
   1.2395051581817547       0.95231542056831264     
   1.2377740699422988       0.95464102498377112     
   1.2359762343425120       0.95685320833185594     
   1.2341103610112993       0.95895750222337683     
   1.2321749489566536       0.96095916848929708     
   1.2301683117875259       0.96286321233805272     
   1.2280886012782681       0.96467439487117879     
   1.2259338300986808       0.96639724498854673     
   1.2237018944216940       0.96803607071297026     
   1.2213905970482288       0.96959496996250949     
   1.2189976716432107       0.97107784079739823     
   1.2165208086496946       0.97248839116722752     
   1.2139576834334693       0.97383014818274971     
   1.2113059872031022       0.97510646693549385     
   1.2085634612456426       0.97632053888724157     
   1.2057279350113983       0.97747539985034460     
   1.2027973685673294       0.97857393757883682     
   1.1997698999118276       0.97961889898932453     
   1.1966438975970897       0.98061289702970722     
   1.1934180190306880       0.98155841721291104     
   1.1900912747154522       0.98245782383196367     
   1.1866630985247582       0.98331336587195994     
   1.1831334238856084       0.98412718263369536     
   1.1795027654397385       0.98490130908303319     
   1.1757723053583380       0.98563768093937898     
   1.1719439829845752       0.98633813951598737     
   1.1680205858593526       0.98700443632420465     
   1.1640058394461952       0.98763823745315982     
   1.1599044920205188       0.98824112773585449     
   1.1557223902563225       0.98881461471207166     
   1.1514665400882558       0.98936013239801113     
   1.1471451465457234       0.98987904487207579     
   1.1427676255902304       0.99037264968577876     
   1.1383445807267649       0.99084218110829825     
   1.1338877375303666       0.99128881321279372     
   1.1294098304645666       0.99171366281220019     
   1.1249244386605006       0.99211779225184160     
   1.1204457707483955       0.99250221206584910     
   1.1159884032595431       0.99286788350402166     
   1.1115669821493377       0.99321572093545185     
   1.1071959019504218       0.99354659413492452     
   1.1028889810662714       0.99386133045780700     
   1.0986591538580430       0.99416071690886887     
   1.0945181997962479       0.99444550211020388     
   1.0904765268550587       0.99471639817317414     
   1.0865430209292393       0.99497408247906072     
   1.0827249662874994       0.99521919937286940     
   1.0790280351549550       0.99545236177452889     
   1.0754563385969884       0.99567415271150927     
   1.0720125267639942       0.99588512677669550     
   1.0686979245647559       0.99608581151515752     
   1.0655126888099216       0.99627670874328877     
   1.0624559743330688       0.99645829580360745     
   1.0595260989536104       0.99663102675836246     
   1.0567206998294387       0.99679533352492511     
   1.0540368763273926       0.99695162695580763     
   1.0514713167516150       0.99710029786600873     
   1.0490204079974710       0.99724171801025352     
   1.0466803284339672       0.99737624101257638     
   1.0444471251182890       0.99750420325056266     
   1.0423167768977037       0.99762592469646938     
   1.0402852451485103       0.99774170971732234     
   1.0383485139190161       0.99785184783599223     
   1.0365026211501962       0.99795661445515194     
   1.0347436824922616       0.99805627154592791     
   1.0330679090528130       0.99815106830296363     
   1.0314716202246226       0.99824124176753604     
   1.0299512525626440       0.99832701742028274     
   1.0285033655176665       0.99840860974501988     
   1.0271246446913009       0.99848622276506593     
   1.0258119031547794       0.99856005055340291     
   1.0245620812704097       0.99863027771796242     
   1.0233722453688456       0.99869707986324097     
   1.0222395855643751       0.99876062402940258     
   1.0211614129327566       0.99882106910996549     
   1.0201351562291825       0.99887856624912053     
   1.0191583582863657       0.99893325921966869     
   1.0182286722023295       0.99898528478252879     
   1.0173438574033244       0.99903477302871035     
   1.0165017756480488       0.99908184770461039     
   1.0157003870240704       0.99912662652144191     
   1.0149377459751332       0.99916922144957465     
   1.0142119973886121       0.99920973899851873     
   1.0135213727647201       0.99924828048325443     
   1.0128641864832373       0.99928494227757148     
   1.0122388321788236       0.99931981605505504     
   1.0116437792324366       0.99935298901831604     
   1.0110775693834368       0.99938454411704447     
   1.0105388134649445       0.99941456025542541     
   1.0100261882631181       0.99944311248944206     
   1.0095384334999695       0.99947027221455365     
   1.0090743489381413       0.99949610734422201     
   1.0086327916054976       0.99952068247972981     
   1.0082126731367274       0.99954405907171873     
   1.0078129572288701       0.99956629557384657     
   1.0074326572073204       0.99958744758895257     
   1.0070708336987084       0.99960756800809403     
   1.0067265924070270       0.99962670714280044     
   1.0063990819891804       0.99964491285087897     
   1.0060874920262448       0.99966223065608451     
   1.0057910510867334       0.99967870386195135     
   1.0055090248781255       0.99969437366007596     
   1.0052407144831199       0.99970927923311703     
   1.0049854546770574       0.99972345785277206     
   1.0047426123230845       0.99973694497297694     
   1.0045115848417558       0.99974977431855794     
   1.0042917987518087       0.99976197796956257     
   1.0040827082790493       0.99977358644147585     
   1.0038837940303227       0.99978462876152507     
   1.0036945617296720       0.99979513254126262     
   1.0035145410139019       0.99980512404561028     
   1.0033432842849226       0.99981462825853373     
   1.0031803656162124       0.99982366894551644     
   1.0030253797110342       0.99983226871298536     
   1.0028779409099580       0.99984044906484004     
   1.0027376822455318       0.99984823045622095     
   1.0026042545417935       0.99985563234466057     
   1.0024773255566883       0.99986267323873590     
   1.0023565791653062       0.99986937074435012     
   1.0022417145820925       0.99987574160875647     
   1.0021324456202063       0.99988180176243480     
   1.0020284999862819       0.99988756635892617     
   1.0019296186089219       0.99989304981272520     
   1.0018355549993994       0.99989826583532271     
   1.0017460746429616       0.99990322746949289     
   1.0016609544193984       0.99990794712190545     
   1.0015799820513767       0.99991243659415030     
   1.0015029555793424       0.99991670711224712     
   1.0014296828616620       0.99992076935471552     
   1.0013599810988139       0.99992463347927807     
   1.0012936763805060       0.99992830914825914     
   1.0012306032546205       0.99993180555274597     
   1.0011706043169437       0.99993513143557144     
   1.0011135298206908       0.99993829511317511     
   1.0010592373048863       0.99994130449639906     
   1.0010075912406884       0.99994416711026912     
   1.0009584626947952       0.99994689011281146     
   1.0009117290091591       0.99994948031295061     
   1.0008672734961401       0.99995194418753652     
   1.0008249851484610       0.99995428789753893     
   1.0007847583631537       0.99995651730345436     
   1.0007464926789287       0.99995863797995865     
   1.0007100925262127       0.99996065522984789     
   1.0006754669893321       0.99996257409729761     
   1.0006425295802075       0.99996439938047621     
   1.0006111980230388       0.99996613564354242     
   1.0005813940494048       0.99996778722805857     
   1.0005530432033445       0.99996935826384603     
   1.0005260746558473       0.99997085267931285     
   1.0005004210283919       0.99997227421127632     
   1.0004760182250232       0.99997362641430676     
   1.0004528052725983       0.99997491266961658     
   1.0004307241688035       0.99997613619351333     
   1.0004097197375035       0.99997730004544483     
   1.0003897394911836       0.99997840713564734     
   1.0003707335000556       0.99997946023242235     
   1.0003526542674870       0.99998046196906076     
   1.0003354566115370       0.99998141485042646     
   1.0003190975522482       0.99998232125921860     
   1.0003035362043715       0.99998318346193193     
   1.0002887336753756       0.99998400361452200     
   1.0002746529683584       0.99998478376779776     
   1.0002612588897277       0.99998552587254852     
   1.0002485179613327       0.99998623178442314     
   1.0002363983369147       0.99998690326856887     
   1.0002248697225831       0.99998754200404594     
   1.0002139033011930       0.99998814958802562     
   1.0002034716603818       0.99998872753978441     
   1.0001935487241196       0.99998927730450304     
   1.0001841096875972       0.99998980025687967     
   1.0001751309552749       0.99999029770456749     
   1.0001665900819452       0.99999077089144495     
   1.0001584657166840       0.99999122100072579     
   1.0001507375495062       0.99999164915791749     
   1.0001433862606341       0.99999205643363642     
   1.0001363934722489       0.99999244384628361     
   1.0001297417025516       0.99999281236459303     
   1.0001234143221180       0.99999316291005214     
   1.0001173955123306       0.99999349635920709     
   1.0001116702258608       0.99999381354585470     
   1.0001062241490757       0.99999411526312654     
   1.0001010436662570       0.99999440226547365     
   1.0000961158256096       0.99999467527055053     
   1.0000914283068563       0.99999493496101255     
   1.0000869693904759       0.99999518198622117     
   1.0000827279284128       0.99999541696386796     
   1.0000786933162071       0.99999564048151945     
   1.0000748554664978       0.99999585309808636     
   1.0000712047838132       0.99999605534522096     
   1.0000677321405869       0.99999624772864615     
   1.0000644288543479       0.99999643072942079     
   1.0000612866660079       0.99999660480514230     
   1.0000582977192352       0.99999677039109047     
   1.0000554545408036       0.99999692790131656     
   1.0000527500219161       0.99999707772967816     
   1.0000501774004382       0.99999722025082427     
   1.0000477302439927       0.99999735582113214     
   1.0000454024338907       0.99999748477959749     
   1.0000431881498049       0.99999760744868460     
   1.0000410818552605       0.99999772413512955     
   1.0000390782837745       0.99999783513070928     
   1.0000371724256854       0.99999794071297055     
   1.0000353595156364       0.99999804114592428     
   1.0000336350206671       0.99999813668070503     
   1.0000319946288767       0.99999822755619938     
   1.0000304342386366       0.99999831399964356     
   1.0000289499483559       0.99999839622719089     
   1.0000275380467007       0.99999847444445356     
   1.0000261950033380       0.99999854884701533     
   1.0000249174601044       0.99999861962092118     
   1.0000237022225993       0.99999868694314298     
   1.0000225462522176       0.99999875098202107     
   1.0000214466585318       0.99999881189768614     
   1.0000204006920752       0.99999886984245945     
   1.0000194057374809       0.99999892496123244     
   1.0000184593069148       0.99999897739183130     
   1.0000175590338802       0.99999902726535972     
   1.0000167026672935       0.99999907470652705     
   1.0000158880658427       0.99999911983396150     
   1.0000151131926500       0.99999916276050516     
   1.0000143761101816       0.99999920359349648     
   1.0000136749753865       0.99999924243503924     
   1.0000130080351042       0.99999927938225741     
   1.0000123736216662       0.99999931452753865     
   1.0000117701487437       0.99999934795876422     
   1.0000111961073666       0.99999937975952968     
   1.0000106500621624       0.99999941000935333     
   1.0000101306477500       0.99999943878387587     
   1.0000096365653481       0.99999946615504820     
   1.0000091665795108       0.99999949219131279     
   1.0000087195150484       0.99999951695777378     
   1.0000082942540800       0.99999954051636009     
   1.0000078897332463       0.99999956292598069     
   1.0000075049410506       0.99999958424267099     
   1.0000071389153142       0.99999960451973446     
   1.0000067907408061       0.99999962380787333     
   1.0000064595469071       0.99999964215531889     
   1.0000061445054740       0.99999965960794879     
   1.0000058448287441       0.99999967620940400     
   1.0000055597673774       0.99999969200119654     
   1.0000052886085811       0.99999970702281427     
   1.0000050306743176       0.99999972131181902     
   1.0000047853196208       0.99999973490394112     
   1.0000045519309892       0.99999974783316725     
   1.0000043299248309       0.99999976013182745     
   1.0000041187460127       0.99999977183067523     
   1.0000039178664903       0.99999978295896319     
   1.0000037267839537       0.99999979354451840     
   1.0000035450206084       0.99999980361380980     
   1.0000033721219492       0.99999981319201614     
   1.0000032076556447       0.99999982230308782     
   1.0000030512104405       0.99999983096980727     
   1.0000029023951500       0.99999983921384583     
   1.0000027608376549       0.99999984705581790     
   1.0000026261839912       0.99999985451533235     
   1.0000024980974545       0.99999986161104215     
   1.0000023762577623       0.99999986836069021     
   1.0000022603602599       0.99999987478115371     
   1.0000021501151366       0.99999988088848768     
   1.0000020452467282       0.99999988669796325     
   1.0000019454928031       0.99999989222410768     
   1.0000018506039319       0.99999989748073870     
   1.0000017603428428       0.99999990248100068     
   1.0000016744838289       0.99999990723739740     
   1.0000015928122137       0.99999991176182135     
   1.0000015151237587       0.99999991606558714     
   1.0000014412242151       0.99999992015945549     
   1.0000013709287969       0.99999992405366323     
   1.0000013040617173       0.99999992775794866     
   1.0000012404557865       0.99999993128157372     
   1.0000011799519488       0.99999993463334969     
   1.0000011223989180       0.99999993782165741     
   1.0000010676527791       0.99999994085446964     
   1.0000010155766357       0.99999994373937007     
   1.0000009660402787       0.99999994648357204     
   1.0000009189198380       0.99999994909393775     
   1.0000008740974857       0.99999995157699439     
   1.0000008314611482       0.99999995393895080     
   1.0000007909042059       0.99999995618571336     
   1.0000007523252474       0.99999995832290012     
   1.0000007156278030       0.99999996035585514     
   1.0000006807201172       0.99999996228966159     
   1.0000006475149019       0.99999996412915504     
   1.0000006159291197       0.99999996587893547     
   1.0000005858837915       0.99999996754337828     
   1.0000005573037980       0.99999996912664479     
   1.0000005301176600       0.99999997063269497     
   1.0000005042574087       0.99999997206529401     
   1.0000004796583746       0.99999997342802438     
   1.0000004562590492       0.99999997472429369     
   1.0000004340009230       0.99999997595734313     
   1.0000004128283408       0.99999997713025590     
   1.0000003926883574       0.99999997824596509     
   1.0000003735306118       0.99999997930726048     
   1.0000003553071957       0.99999998031679616     
   1.0000003379725497       0.99999998127709600     
   1.0000003214833244       0.99999998219056141     
   1.0000003057982878       0.99999998305947668     
   1.0000002908782191       0.99999998388601430     
   1.0000002766858074       0.99999998467224149     
   1.0000002631855716       0.99999998542012369     
   1.0000002503437455       0.99999998613153152     
   1.0000002381282298       0.99999998680824309     
   1.0000002265084655       0.99999998745195151     
   1.0000002154554049       0.99999998806426571     
   1.0000002049414114       0.99999998864671691     
   1.0000001949401893       0.99999998920076172     
   1.0000001854267329       0.99999998972778548     
   1.0000001763772508       0.99999999022910602     
   1.0000001677691217       0.99999999070597667     
   1.0000001595808126       0.99999999115959026     
   1.0000001517918498       0.99999999159108099     
   1.0000001443827657       0.99999999200152723     
   1.0000001373350222       0.99999999239195614     
   1.0000001306310040       0.99999999276334339     
   1.0000001242539416       0.99999999311661802     
   1.0000001181878935       0.99999999345266322     
   1.0000001124176887       0.99999999377231930     
   1.0000001069289037       0.99999999407638551     
   1.0000001017078064       0.99999999436562237     
   1.0000000967413463       0.99999999464075284     
   1.0000000920171046       0.99999999490246494     
   1.0000000875232662       0.99999999515141336     
   1.0000000832485951       0.99999999538822038     
   1.0000000791824033       0.99999999561347808     
   1.0000000753145182       0.99999999582775012     
   1.0000000716352762       0.99999999603157175     
   1.0000000681354686       0.99999999622545299     
   1.0000000648063507       0.99999999640987847     
   1.0000000616395950       0.99999999658530947     
   1.0000000586272875       0.99999999675218443     
   1.0000000557618902       0.99999999691092090     
   1.0000000530362367       0.99999999706191589     
   1.0000000504435180       0.99999999720554655     
   1.0000000479772468       0.99999999734217238     
   1.0000000456312592       0.99999999747213464     
   1.0000000433996834       0.99999999759575886     
   1.0000000412769439       0.99999999771335368     
   1.0000000392577340       0.99999999782521332     
   1.0000000373369982       0.99999999793161765     
   1.0000000355099388       0.99999999803283257     
   1.0000000337719892       0.99999999812911100     
   1.0000000321187963       0.99999999822069408     
   1.0000000305462338       0.99999999830781050     
   1.0000000290503623       0.99999999839067832     
   1.0000000276274468       0.99999999846950460     
   1.0000000262739308       0.99999999854448629     
   1.0000000249864249       0.99999999861581113     
   1.0000000237617102       0.99999999868365752     
   1.0000000225967269       0.99999999874819490     
   1.0000000214885607       0.99999999880958479     
   1.0000000204344408       0.99999999886798063     
   1.0000000194317289       0.99999999892352864     
   1.0000000184779196       0.99999999897636738     
   1.0000000175706296       0.99999999902662917     
   1.0000000167075851       0.99999999907443982     
   1.0000000158866338       0.99999999911991866     
   1.0000000151057225       0.99999999916317928     
   1.0000000143628971       0.99999999920433003     
   1.0000000136562932       0.99999999924347427     
   1.0000000129841575       0.99999999928070904     
   1.0000000123448012       0.99999999931612782     
   1.0000000117366261       0.99999999934981931     
   1.0000000111581098       0.99999999938186779     
   1.0000000106078102       0.99999999941235307     
   1.0000000100843458       0.99999999944135176     
   1.0000000095864146       0.99999999946893592     
   1.0000000091127677       0.99999999949517482     
   1.0000000086622212       0.99999999952013408     
   1.0000000082336478       0.99999999954387597     
   1.0000000078259730       0.99999999956646024     
   1.0000000074381834       0.99999999958794283     
   1.0000000070693074       0.99999999960837771     
   1.0000000067184189       0.99999999962781605     
   1.0000000063846455       0.99999999964630626     
   1.0000000060671475       0.99999999966389486     
   1.0000000057651359       0.99999999968062558     
   1.0000000054778555       0.99999999969654030     
   1.0000000052045843       0.99999999971167886     
   1.0000000049446398       0.99999999972607923     
   1.0000000046973765       0.99999999973977693     
   1.0000000044621680       0.99999999975280696     
   1.0000000042384338       0.99999999976520126     
   1.0000000040256085       0.99999999977699128     
   1.0000000038231642       0.99999999978820620     
   1.0000000036305927       0.99999999979887422     
   1.0000000034474150       0.99999999980902188     
   1.0000000032731722       0.99999999981867449     
   1.0000000031074237       0.99999999982785659     
   1.0000000029497602       0.99999999983659071     
   1.0000000027997826       0.99999999984489907     
   1.0000000026571230       0.99999999985280208     
   1.0000000025214206       0.99999999986031962     
   1.0000000023923377       0.99999999986747046     
   1.0000000022695481       0.99999999987427268     
   1.0000000021527440       0.99999999988074328     
   1.0000000020416413       0.99999999988689814     
   1.0000000019359552       0.99999999989275290     
   1.0000000018354234       0.99999999989832211     
   1.0000000017397956       0.99999999990361965     
   1.0000000016488328       0.99999999990865873     
   1.0000000015623034       0.99999999991345223     
   1.0000000014799983       0.99999999991801169     
   1.0000000014017010       0.99999999992234911     
   1.0000000013272261       0.99999999992647481     
   1.0000000012563837       0.99999999993039934     
   1.0000000011889951       0.99999999993413247     
   1.0000000011248940       0.99999999993768351     
   1.0000000010639165       0.99999999994106148     
   1.0000000010059147       0.99999999994427458     
   1.0000000009507408       0.99999999994733102     
   1.0000000008982579       0.99999999995023847     
   1.0000000008483372       0.99999999995300393     
   1.0000000008008498       0.99999999995563460     
   1.0000000007556780       0.99999999995813704     
   1.0000000007127112       0.99999999996051725     
   1.0000000006718397       0.99999999996278144     
   1.0000000006329570       0.99999999996493549     
   1.0000000005959764       0.99999999996698408     
   1.0000000005607945       0.99999999996893307     
   1.0000000005273320       0.99999999997078681     
   1.0000000004954972       0.99999999997255040     
   1.0000000004652190       0.99999999997422773     
   1.0000000004364171       0.99999999997582323     
   1.0000000004090199       0.99999999997734090     
   1.0000000003829586       0.99999999997878464     
   1.0000000003581651       0.99999999998015809     
   1.0000000003345821       0.99999999998146449     
   1.0000000003121496       0.99999999998270728     
   1.0000000002908140       0.99999999998388911     
   1.0000000002705187       0.99999999998501343     
   1.0000000002512108       0.99999999998608313     
   1.0000000002328440       0.99999999998710054     
   1.0000000002153770       0.99999999998806821     
   1.0000000001987603       0.99999999998898881     
   1.0000000001829521       0.99999999998986455     
   1.0000000001679183       0.99999999999069744     
   1.0000000001536131       0.99999999999148992     
   1.0000000001400098       0.99999999999224354     
   1.0000000001270668       0.99999999999296063     
   1.0000000001147575       0.99999999999364253     
   1.0000000001030480       0.99999999999429123     
   1.0000000000919080       0.99999999999490830     
   1.0000000000813143       0.99999999999549516     
   1.0000000000712332       0.99999999999605371     
   1.0000000000616456       0.99999999999658484     
   1.0000000000525249       0.99999999999709011     
   1.0000000000438523       0.99999999999757050     
   1.0000000000356011       0.99999999999802769     
   1.0000000000277525       0.99999999999846256     
   1.0000000000202833       0.99999999999887634     
   1.0000000000131823       0.99999999999926970     
   1.0000000000064269       0.99999999999964406     
